22940
14309
21845
17230
9263
11392
28527
26541
15138
14084
24177
8928
26888
7093
29434
18708
14859
20980
18708
19430
27184
16591
23521
7821
29863
12691
14956
16192
21408
19836
14986
24336
20795
11241
9503
27590
11166
22397
5776
14206
10523
9796
16086
28590
28051
10401
23665
27169
10388
11200
13893
11086
23637
23754
27406
12451
26891
5212
14522
13599
11723
8647
22656
21862
15328
17310
13337
22910
23747
20143
18092
22470
19591
8881
7189
20157
6509
17343
14269
17884
20767
5986
17076
5486
29766
29887
22869
15039
12633
24507
29191
11744
14025
29137
9382
18978
16354
29493
17704
22453
14621
11118
28490
5027
21593
28935
23864
12800
27868
6083
22964
13616
9789
11433
17733
28986
13527
22536
13886
11871
16894
14026
28282
8121
21162
14909
9011
23441
22238
27898
25250
20637
27652
21709
23781
22376
12079
9799
20417
11564
19804
15151
23843
21465
17706
16415
26181
11728
12995
11753
28727
17063
9897
13706
15871
25588
25509
18813
15667
12326
23777
11903
20734
11965
21035
25901
29816
19846
18180
25775
19305
26753
28573
13742
13165
23377
14319
22779
18808
23961
20840
18279
23240
8912
12578
6628
5782
18392
12493
24819
24531
19436
21691
17314
18177
10539
11041
28185
29306
10412
25522
6327
28084
13566
20450
24594
13404
24901
12065
22671
22061
18636
23545
8723
21545
28927
10739
9022
5326
22467
26959
13643
21128
9034
14015
26164
20626
21704
23661
22282
24898
28324
11024
19164
6989
19036
10424
29985
19713
25292
24073
23121
15740
29571
18183
10650
18170
17372
7559
21495
16940
27221
14328
14178
5683
11649
7844
29071
5786
15819
16192
10135
10992
14849
21039
18423
29310
20473
12247
19073
16696
22529
24707
8724
25329
22322
12589
5492
10768
5609
7733
24862
29571
17144
16780
23249
13012
29557
22582
22809
13288
8110
26798
16330
29468
7022
17988
16549
21701
16994
17458
27063
16455
11887
17372
8353
5564
22016
8826
5570
26019
24115
20113
23167
10110
14795
22507
18246
18437
26377
18772
7620
9533
19413
14975
13225
11960
22652
27378
8332
25829
17903
16685
28389
23341
10727
13941
13846
7040
5494
17394
5526
16421
26779
10731
6051
20635
10171
7560
20555
7353
19279
10909
27183
21225
9268
28571
8162
13111
22231
22748
5300
29144
27610
21447
7941
7290
18102
25595
23629
15300
26526
9722
17073
27865
12425
12807
26832
12261
23093
21168
8951
26711
12467
22976
5531
21427
23021
12223
7361
6880
16459
22024
27419
10417
22211
26213
8620
24234
23157
6287
11423
5319
23337
15823
22962
6447
20504
23588
9754
25089
20596
28059
22775
28133
16923
14728
20607
11416
25907
16763
10792
8461
12694
12903
27797
17461
16637
7119
10242
21762
14414
7861
28835
10086
16878
12787
20654
15470
8291
17392
5597
7506
5750
21527
22063
9632
20547
18675
11150
25731
28774
26128
17900
27318
20163
15522
18910
27955
19397
27061
7550
19234
6986
12094
19934
27691
6491
20975
27701
11354
19151
24765
17482
11198
26139
24116
21192
28291
18468
25841
21112
27889
6622
24339
29582
6767
25827
18028
21265
5141
11669
18231
24901
11748
6544
20528
23566
17586
28570
10722
6153
18844
25377
24027
23723
7132
11720
7712
24093
7174
27504
28054
23044
29337
9626
15777
19902
8993
24027
23805
10269
14923
27904
5301
25104
29800
21874
14047
24899
16759
7791
12734
7085
28094
12556
7799
23407
11352
23839
13082
14991
25332
17466
29572
20398
27343
18331
14381
13315
10164
22479
15649
26338
13222
25379
7407
7033
9681
13772
18888
16172
5033
21294
29699
20258
26536
14141
25689
21643
17548
18317
29723
8428
23736
25631
20708
9098
16997
6714
10249
9134
18670
25814
7017
28381
19379
20598
9384
18901
10725
23063
22194
15992
12835
10376
18194
19362
28681
19173
27480
6107
11042
28819
13518
10940
24474
21747
25699
12610
16157
18296
7378
11188
9958
23581
8260
6448
26093
18798
19767
23186
11879
27088
11953
10907
24675
27841
15536
14940
22194
12714
25336
10818
29377
16289
25688
23662
9564
18858
12677
12098
25865
20427
17811
26190
14562
20528
26667
14022
15159
5482
7181
24767
6523
14652
11722
23923
25377
16345
9863
7521
19718
17997
21527
18473
9699
5174
13449
14663
25750
20665
27627
12096
17145
13740
29405
20518
10608
25711
6479
8718
25841
20124
27568
6706
19228
19965
12932
13938
28158
13975
17267
21275
9327
8554
11535
29863
12210
18498
19078
8888
25133
29459
23259
12849
15451
19571
25705
5367
7112
13183
16138
12042
25208
5596
17496
5588
7859
25978
13246
11662
25147
27480
21213
14759
14776
26836
12931
11512
25765
17426
12677
15458
19874
8615
9671
19397
15333
27311
23944
19206
24968
28861
7451
12608
23863
18595
7929
26329
18841
17912
23348
7227
21734
28982
28644
6956
29601
10204
8363
28232
28495
16803
19338
5217
23923
8828
29261
22878
27283
14384
21841
21393
28784
19476
12029
22750
19731
24389
13078
23183
16595
28737
18351
26874
7224
20247
18823
10019
13817
11787
8689
22367
9725
26853
27098
26049
13771
27488
28381
10870
8857
22172
20351
29641
24178
27424
26712
8247
22704
17594
6037
20983
9534
8033
22918
6689
21710
29004
24508
19386
23811
13536
29744
5109
26934
14152
16164
8617
25688
18927
27126
13554
8592
11789
9697
11602
18638
12226
9969
8460
18741
28551
10819
29837
12095
27186
12281
18311
9159
7808
19071
24386
25613
21933
24515
6950
24662
11057
27686
26393
12841
15021
15472
17346
6976
23818
18639
26829
12230
18018
16535
15120
19803
18117
7497
20403
15876
24429
13697
15876
6816
18069
9707
24973
8203
14507
29812
25143
10963
5043
11044
24772
6093
21358
20220
27924
23108
14597
11384
26083
11124
8374
11959
20620
27180
6051
15907
21544
22390
18208
7232
12720
29913
25224
15728
12091
20722
14248
9899
11445
10609
28443
21201
29393
28798
21795
15438
5404
22997
11930
7022
20941
15174
21223
16242
29658
19395
23402
16811
25377
12823
11099
24690
10957
20682
8255
14688
19622
19125
22831
6619
20427
10696
23095
5128
25213
28200
19469
29415
22849
14931
20752
9762
8055
8132
18235
15003
16504
6337
21652
22441
5531
15953
12534
24259
14964
10951
5729
21969
19242
18350
12729
20947
28538
27603
27330
13741
9761
17600
13408
19916
18977
28902
28624
13418
17009
17174
17999
19431
20458
28413
10585
14638
23454
25782
29006
21436
15774
23132
10568
8821
19331
27127
23773
19863
23823
25675
21216
5053
21201
24206
6253
6407
20567
9096
16854
17917
25354
20971
15158
7211
24030
17923
15608
7917
27671
19377
9270
29009
22883
20490
8927
13031
14119
26725
6997
28355
11197
14435
22112
16738
20725
29331
25963
18816
20208
27081
14925
10662
15439
25819
21791
11413
18857
12485
15652
20290
13613
21062
26423
20775
20749
7187
20359
27909
8579
22208
9058
8559
14649
16605
9040
5503
24438
15501
9652
28464
25619
22595
15515
19649
12938
26989
6201
19765
10926
28031
27660
17356
11347
23810
22537
19910
20684
16612
27710
12126
14279
17171
10998
29206
11950
27037
14619
10250
20319
11260
12033
28808
9453
26787
5387
10488
19310
13976
22675
25927
16283
7304
27704
29991
22764
20431
17022
20748
29317
25883
26230
16193
21183
18015
10489
10124
23684
24516
12509
6338
15695
18155
8289
11854
17818
19755
18933
7338
21931
25083
20755
8422
19304
7254
14987
9691
10570
5306
7223
20300
27907
5532
5830
22758
10601
29437
20401
11260
25562
10834
27749
8156
25132
6880
9536
17552
23382
22861
11793
11763
17296
17899
24697
21396
20386
28443
6898
13942
11373
19249
11235
6822
7441
7643
18714
8900
28976
14645
17780
18683
22317
21928
20828
14404
6008
11371
14028
8858
21412
28258
15856
11981
12150
14509
12869
24807
23814
22098
22064
27196
13683
20976
21199
28891
13590
29619
16304
18620
9875
23295
13737
14754
24464
28884
28366
22565
25680
25594
13511
24971
28602
29248
15904
14465
19533
7862
25745
21136
8429
20598
18429
17644
16199
27993
24261
22073
16404
15892
12586
22300
13922
22887
16141
22317
29260
9707
22892
11030
12298
7826
18755
22121
13156
20267
5636
22688
14558
18945
24133
15858
16967
9724
12689
19739
7443
16612
16867
15840
21257
26350
16840
18823
13306
5484
24920
29527
23689
5491
18763
18108
9016
17928
15687
15727
17460
23593
17970
20182
16695
15132
20926
22053
22895
20667
24856
19187
19922
14571
28863
27264
6054
11870
28801
16109
16702
18164
6383
27865
7260
21218
24381
14907
9146
12402
9290
17294
13623
9946
23773
16668
10793
8962
19283
15533
9676
8413
26218
17654
7322
22147
9147
8468
24886
29510
15984
16405
17618
24449
26652
6547
12824
6666
16373
28550
19179
5934
14384
7934
21433
13052
28820
29197
22763
10526
26700
14005
9311
28293
20340
9592
20411
16636
27297
22780
24484
5317
17053
19227
8582
27044
8830
19499
22815
10206
26163
16895
23117
6116
10097
19277
29906
19274
7734
5190
22637
24833
21058
8833
9089
9376
28572
8232
7307
22791
27835
20988
24317
10215
29654
23290
12290
25616
20237
22119
17486
27346
27557
8626
10586
17767
12502
20360
21011
20779
6124
25492
8918
8769
21842
9119
19685
5190
22895
7244
7939
15807
8644
6032
15325
9968
17415
15776
5854
16051
17459
13529
19807
29403
25562
11417
9754
11615
10516
16356
8687
9478
27819
7778
16121
20373
12832
10487
14179
10543
5351
11178
14797
21259
26316
10302
13680
9150
13706
18527
12863
28741
15714
13976
21215
7175
23505
16193
20472
18092
27805
11153
6349
10889
16408
22451
13579
24451
9759
16324
15409
13469
18527
13669
23597
10813
14997
20573
24984
21732
17016
28381
29173
25707
22275
11827
6989
9915
23147
13112
24223
14264
22936
19784
20254
12021
12449
16080
22468
24223
26064
25881
6020
17671
12292
7561
7298
10007
16378
10007
27569
21545
27771
18522
15459
8327
11309
21125
26108
8535
7122
23152
12665
22177
10639
26713
12120
19327
26951
17510
20498
22105
24251
14880
26572
24064
24736
11053
29859
25188
16952
13564
18674
24656
15851
24406
26819
13685
14812
5869
26111
15105
5738
9681
8846
24578
22980
9802
10604
21049
7934
19765
25840
6021
6733
15832
18282
16833
8640
24278
21065
16836
18694
25533
7435
28774
23187
20421
25494
29749
24027
14754
8863
6865
28137
11484
12135
25175
29939
5343
8127
11916
22348
8732
7758
5154
26133
6450
22147
26996
6888
15427
23291
8982
24108
11094
6338
22149
21956
12782
8471
22462
23189
19936
10633
18879
19790
11959
25402
25546
26205
25106
29766
27382
17482
23888
27826
21473
25753
25087
26687
7882
13933
19031
7287
29440
25735
12256
24069
24619
24283
12268
21427
19096
22497
12844
21946
9970
27907
12668
27126
28253
6812
23843
28657
5239
6942
20703
26827
17772
18638
28707
19971
28986
17157
25619
16190
21400
17617
6065
22915
21941
12786
13900
16221
27097
13843
21440
11807
16338
7556
22551
21085
24575
23791
20446
9476
12131
28107
6095
21883
20974
25880
24915
22064
20438
22194
15071
25610
19253
17433
10386
27730
6638
15622
8199
18231
16184
27487
27123
18589
26645
20324
5231
26395
15857
26135
28247
25642
22608
22554
8047
15980
6380
5115
22426
16745
14281
20083
8175
26090
8837
22669
16936
21505
15823
22707
21569
7043
13756
16265
24427
24020
15307
21175
15683
17190
24708
22811
24053
27556
16570
17174
11527
10079
9134
16325
10262
22801
20665
27771
20531
25938
17239
18647
8834
10485
18935
28562
19357
11915
7685
13177
13169
12862
14217
20298
21773
25199
9111
25011
13005
17794
26743
12657
26001
21654
23209
14144
21249
14420
27564
14186
7269
6391
8356
21890
28986
9580
6595
12965
25807
10999
20272
29764
10416
16591
5961
7501
23885
12692
19514
5351
15520
7266
6262
9532
16063
27092
29842
24628
15283
7138
17105
18296
24355
5250
25474
24553
27546
8688
7449
15324
8778
28957
8250
12118
22089
27181
25189
24582
6553
26079
25884
25885
14466
28134
12309
18996
16886
27963
8306
13550
14754
5886
6147
29452
21079
12158
23365
26123
8212
16600
21942
27976
6772
19546
14017
8336
5227
12748
15909
16784
16612
16141
5612
9562
28971
19108
10615
27779
6362
20382
21801
10050
8802
20369
27627
5057
16689
9067
18028
18772
18252
24148
10611
28849
18940
12169
29881
20174
23206
24201
15249
8767
5876
8843
6184
26660
18762
10855
10823
29493
13498
24447
24657
26016
23179
23178
17518
26675
11359
23968
7266
26293
12734
25432
19484
18929
11241
20255
26866
10440
22490
26619
25874
7222
18549
27129
19377
27821
21231
9885
7054
11486
14600
27065
27414
26094
10245
20096
20261
5100
16286
14387
26619
7535
14247
9292
27558
21450
7048
8368
13979
21094
28271
20533
24093
6645
20950
15603
13548
16983
8075
22349
12690
21418
16467
13422
10660
11635
28049
25212
16501
13481
20103
14140
11925
24290
23212
28747
19644
27575
14518
29879
14180
27285
8543
9391
11102
27730
29579
20673
22012
8084
6533
16441
18094
20082
8122
14456
7239
12988
8820
15821
26205
6818
21972
8692
8334
7426
20710
8357
9173
11245
7890
21859
22286
27722
6699
28730
12877
24460
13251
16379
23246
7454
21533
6524
26979
22668
21856
27621
26254
14719
13643
13831
28620
9514
7070
26024
15989
25932
9820
19675
18822
22811
5735
18660
17379
21436
10205
23832
18803
10653
11498
12818
27039
20920
6054
29133
27955
7789
21603
16112
21343
11327
9130
26300
21964
7584
11422
5716
26334
27114
23653
9873
21794
26904
13826
12078
15299
21378
12561
11481
19740
11684
7704
11712
11329
29380
16156
6506
22041
26361
18099
13420
21890
9419
18850
6569
24848
27230
6191
24579
7165
13599
18894
16509
19043
5795
12586
21604
7470
7720
17627
9702
16015
8602
12683
15169
17296
11207
6773
20386
29820
24357
11439
21127
12287
22624
15547
10052
10706
23527
27083
6048
18109
11901
22842
14381
5678
28184
23025
5616
27231
26512
20104
11164
28142
25084
7398
24690
15004
19140
24524
16246
5753
9001
8309
14448
20206
15051
8032
15670
12416
26090
15706
23497
27226
27602
12951
7798
25645
11735
28621
25307
6361
8984
12523
29893
17437
23426
27315
24255
5733
25334
9454
22601
11541
11619
10023
25033
14704
15784
22210
23412
5482
7402
12969
22273
16567
12654
21016
5931
20313
26255
28503
28767
16611
25536
8704
17117
7097
14945
5722
5415
17919
11752
7894
19765
26301
20308
10705
16069
17890
27275
29802
5598
16118
27563
21596
9878
17044
17690
12863
5014
7502
13044
13275
23576
5610
23828
5672
12421
28023
11546
5509
24092
12269
25436
27673
25867
13528
10760
27576
22578
24940
17740
25806
9932
25653
7582
19960
15796
24855
12886
13148
17270
9892
11108
5979
28991
27662
7110
7248
21147
21071
24441
6374
15452
29186
25957
18881
9371
14221
10825
29974
16092
12079
23128
27647
6295
23968
8757
9747
24013
17289
18136
28338
26912
15057
21272
28170
29388
9069
16342
29893
10283
22068
10389
27566
22334
26331
20896
27033
17498
9145
20686
8779
16868
26506
13649
29899
27662
15415
17747
26702
12200
20750
23311
14149
17564
13394
29284
16134
22345
9443
13713
13216
16200
19210
27873
13300
8286
18012
22284
19519
24254
23500
20475
12360
29979
5324
21652
27317
13172
14761
9753
6065
29745
29681
29917
13665
19342
5547
20709
24250
26000
7133
11175
5585
18265
19725
23910
12320
22151
17531
18399
15385
19931
28161
13772
14048
22895
25274
26145
28070
28328
26360
25215
18018
12733
18862
19932
9605
27629
29330
8208
8953
17763
27386
14992
25037
27346
14435
11095
23991
15975
28999
22228
22412
27206
20262
13610
13335
12110
12827
23736
25361
22502
22907
29635
11633
5219
16507
10129
10130
19870
28502
19505
12757
21029
13396
15429
28983
25310
21880
12520
28823
15215
25988
14043
22710
8611
26652
8806
17514
10384
17689
28522
6937
8090
13805
8597
5640
12080
20105
7593
20177
29448
24785
24690
20931
25643
10510
10009
15868
28306
24796
26712
24037
23320
5429
6139
27509
20165
6361
22170
10794
14497
28652
11563
19707
11480
6840
16328
12704
27621
29980
9462
23314
10077
13950
19199
20538
21868
22238
10062
27411
14425
21005
29681
26710
19980
27387
18540
14719
8304
9303
25330
23700
6597
17585
10708
26562
12644
27981
8556
13182
13418
27160
19700
9721
27660
13250
17770
20768
11846
26952
20778
16163
9640
8951
5216
12601
21510
9068
5472
17098
5973
16308
17025
12065
9635
11397
13119
17540
17425
16396
22821
11313
17391
18805
9586
8839
24140
14647
7295
8701
9522
19273
25347
12804
23910
12346
24385
8198
16923
15919
24411
10071
27405
11165
21374
25932
29219
11948
22253
10827
18673
19406
29041
21942
23832
14418
16572
29557
14645
13639
10767
17746
15972
25949
22698
28460
13021
7465
10481
13265
29473
25744
8331
26661
8941
16707
20402
20413
11971
13431
16740
9440
13043
7307
16748
13983
22779
15209
6199
11891
23705
14398
28083
26041
18075
16448
5012
19938
10741
10760
24359
13106
24285
10819
6276
18975
23823
16207
18115
10144
28051
28661
15529
28789
10917
15778
20279
23068
27918
24290
7498
20445
13858
29028
17691
17098
19016
7395
14680
27348
27307
13608
14971
21949
6781
27944
9015
15996
9586
15148
11677
12489
24192
26182
22055
11469
15373
23735
19876
18075
7845
17169
21946
11904
9685
17208
8131
9629
18715
12159
10580
15963
21220
16477
9730
5000
5776
29436
13493
9249
16625
24699
19218
26614
9296
24178
6893
15446
28440
18447
14668
15952
17047
23955
15878
19267
7119
5183
21639
17676
20806
21065
8547
26717
6690
16609
23555
24982
13097
22908
23968
21124
16956
8024
8068
13962
15145
20400
22009
14675
17258
27070
9105
29910
9647
12604
24908
18304
11537
10097
16658
13767
28153
19723
27753
23688
9956
28796
16266
21307
15385
11398
27340
13666
9884
14237
26149
24530
29433
5622
10712
17628
24594
7524
8293
7100
7230
15599
15432
13005
12744
15640
5699
25406
22811
28549
12030
24249
28113
8526
6168
9229
12660
9244
10238
21066
18276
26312
20539
14508
8158
28341
19921
14223
19499
8967
6462
24145
23666
17290
25230
24623
18934
9954
9444
17478
9973
14942
22490
6013
12171
6460
8320
18799
10547
10274
8921
27410
25891
15015
19017
23348
5973
11715
13826
16449
10998
16521
24109
14507
12959
26144
10256
14264
9262
17346
15279
28779
26960
14564
11273
24934
7736
13360
9245
6915
8082
5356
26739
8159
27069
11785
14610
26040
15236
16425
7359
25783
9478
24222
12649
24843
10364
7060
24810
18390
25891
24523
12237
28040
10112
22559
28433
21576
19313
14176
13922
22889
8001
15367
20221
23539
10352
25322
16806
26737
14175
18842
12159
28156
12270
18162
18789
19519
16560
19302
7222
26623
24730
27708
7910
5673
11495
9298
19128
24038
8637
20779
28480
17616
11129
10675
9480
19745
20054
14252
9281
8102
20340
28030
27524
24152
24914
29270
20207
27664
5345
8696
8301
7762
11888
18276
29356
5877
26021
22848
26648
21923
27410
20096
15301
18575
15930
11538
13511
21641
26201
27153
5802
19594
18750
7250
25994
15059
12982
29101
10960
16045
17273
21055
26911
24011
21641
6126
25546
25021
7164
26205
15322
21676
7237
25086
26892
5382
11170
21034
14845
6614
20862
21627
24504
27242
23677
21397
15926
17080
19331
5462
22329
27678
29898
10649
9622
17293
18084
19738
28627
8685
17699
22105
6573
18926
26649
12856
6030
9741
21200
27542
25601
28495
23956
27001
18769
18664
9169
14399
15909
5054
29599
19818
10833
17503
11225
18846
19460
12520
14149
27548
7272
29435
25015
23791
28278
17427
18492
7418
8740
10213
18109
28642
6146
16776
15924
16255
17549
13703
8261
9686
18264
17759
5264
20027
14980
16812
11932
19338
21584
22316
7087
10588
21594
22093
6420
15640
18602
28860
7069
15811
25768
21240
25640
14559
15384
6352
15805
17517
8547
19965
13174
25881
28538
18975
6296
8909
19218
17684
6433
22894
15314
17611
9554
18432
14405
19755
22188
10120
5624
11178
17602
27788
10259
10501
22849
29790
5442
26460
11402
6453
6402
29989
17290
18745
23746
11313
8836
26899
22584
21707
28460
15193
22983
6075
25794
16108
6100
16183
6462
17597
23434
18050
9288
14745
20804
7425
8835
7829
16889
16068
8476
7190
5760
29894
14584
8089
10868
5438
25680
9014
28906
29347
29095
12498
13544
7723
14492
29812
6443
20394
22635
5239
23199
7469
17370
27512
22242
11106
13703
16230
28559
27452
7546
9863
9434
22637
15257
22669
25171
5597
22584
14765
26431
29523
27357
29214
23118
15509
26891
12820
19632
19257
22432
27911
18861
27003
12273
29920
11645
10728
18576
28552
16023
19704
23020
25348
5620
21388
23918
6217
6402
12833
13397
9866
25817
11260
23124
22709
17316
11239
25260
8079
13006
16356
22893
17165
19051
11660
19335
8242
13088
22680
24970
16692
24828
24881
25146
8761
8935
6600
11640
15180
7506
18859
15000
24910
23917
26157
22363
9498
5738
9084
5182
5662
8307
20367
6501
20235
16856
23632
27749
29210
17523
17645
29497
23273
12417
8278
28736
28299
20485
19811
25345
10116
25784
24345
28818
19157
21607
25520
13829
24500
12632
22703
13681
29718
12844
25785
17461
13370
12507
27322
27211
29662
8905
9039
11377
13240
12538
5336
28896
28369
9648
23886
21465
19666
9212
7509
11967
26860
20933
11166
9357
10055
10133
20699
27824
28055
17500
17832
24433
14546
6231
22309
8056
22121
19513
11783
20473
8383
22001
19728
21676
11750
6583
22464
13604
22061
5041
6632
23978
15901
5808
7182
26028
29927
6598
19578
19117
13146
13996
15481
22717
12110
11287
13720
8643
15016
19267
29295
7724
29451
7853
10225
22172
21327
14806
10406
23387
10793
29380
9265
17481
28697
10849
8357
7787
9269
6317
7982
19316
26453
17089
7550
24595
29353
12218
25736
29220
21621
26875
25577
15021
25050
19320
18105
9276
14607
15176
18638
10120
21381
20591
26528
19295
20460
24576
6920
28426
13408
5320
10556
26756
24829
18182
17607
13376
6713
15386
26038
15735
22868
21594
10128
28544
20160
14882
16298
25260
12480
11420
22455
19934
24826
19901
22487
15284
16579
29935
11338
19626
5522
9844
15226
20638
8443
27871
15916
24852
18429
29827
8039
29608
20147
25722
9591
29604
9877
9194
10182
23000
20943
11885
26363
6867
9604
21702
13068
15821
16294
11073
25247
24137
19273
17884
16658
17664
20492
20407
17760
26832
22286
24237
14655
10604
11582
29377
7667
5129
17072
16778
13329
10310
8442
24894
26745
7465
29332
8098
23816
10121
24350
10288
29687
28755
8663
7118
6903
11750
26535
7627
28257
29228
21431
21434
6301
28999
7397
19714
26615
6737
13412
24627
14610
6517
17995
9604
5462
11725
17882
25749
16117
12391
27607
19398
10213
15011
15717
5857
24005
25492
13791
24207
21043
17595
27878
7427
12490
29153
24478
21699
12020
20900
28874
18579
23582
5407
22141
8693
24838
19689
9900
20920
23466
23006
17322
25779
22684
21612
16151
16745
21107
14623
23189
19872
14827
20874
18711
18303
29930
18701
22481
5400
16381
5203
29136
26352
25963
29876
19260
9676
19624
20048
5995
15155
5182
24206
10255
23790
22206
23873
11205
19964
11170
9566
16613
17576
15575
18848
28937
18642
19076
6600
24475
29208
29558
22925
29764
15341
7983
11090
18973
25463
27783
22733
14336
23598
26055
20812
9251
29689
5918
13730
24500
17304
19964
25629
18529
16410
14939
6254
27584
20037
15375
7766
10042
26981
27699
8493
29339
15788
28258
6243
28234
28058
21470
22775
27380
7684
13844
23556
25222
10098
14800
13061
25874
29703
24825
18699
7319
15277
20502
26273
13831
14050
12529
12144
21330
11102
12796
25720
14803
15164
22230
6971
8244
15903
12286
24557
14808
27485
9015
6852
26646
6284
5798
21939
14344
22193
29920
11662
13370
24956
12951
12305
21795
25919
18686
28765
23362
7987
8634
15268
25955
9382
17264
6720
27227
25585
9664
13702
16942
17860
21572
7352
8897
29495
22706
13492
18224
23518
5297
27470
26047
7950
11121
22807
26195
29251
8983
27979
21580
16056
5820
29906
23501
24460
24861
26744
12682
28107
15361
6491
24778
5966
16411
11391
7841
25431
19033
17809
18123
28689
14407
27108
11493
21537
16049
27936
25959
22426
15218
21800
7935
26532
21451
28506
25205
11373
18912
26253
20370
11459
10451
24142
5859
29884
7392
15771
6243
20259
16723
28068
29183
22409
18660
25514
12834
17011
25895
16476
24482
13757
12302
27114
18942
6570
13834
24350
14842
25736
12385
9469
19373
5591
6590
10951
27670
19943
13830
7856
19606
20299
15807
8793
11224
11208
27694
25799
5047
8089
10023
15518
28911
16212
5885
17805
29429
13830
25161
21387
15513
22325
9275
15011
26145
13334
25016
27790
20778
8258
24795
25366
23121
18780
9523
28519
20196
29963
20277
15663
15622
13498
16138
23906
10721
25644
19842
19267
14718
20200
9965
19653
5551
22631
20948
27354
19651
5028
20058
24631
16546
5629
7706
18443
19934
9201
23486
15798
29400
6645
17802
23105
29914
17943
29566
15346
14460
29230
5883
21948
25942
12597
14654
13803
23347
9598
26717
5828
29753
9146
9988
18226
21022
10625
26371
18996
15695
29176
21696
6282
12816
13185
18617
23118
19395
10181
15907
26266
27831
13281
7091
5027
29034
25358
21838
25449
23063
21107
10731
24798
14124
19600
25745
15370
28690
17991
27989
29713
17877
19722
7468
22375
5675
28038
18553
23510
9841
12452
18675
11187
5791
5845
19215
10839
18471
25837
13384
5169
5971
19806
15312
29456
8543
7369
10747
12703
22177
28656
29094
10169
5877
5069
29318
28670
28465
9596
19715
22838
18173
9834
15992
19348
15408
21952
15686
14294
18139
16330
13582
28640
8033
14274
11571
10084
26993
10231
18275
17122
21854
28140
16224
6995
25747
26293
11872
8172
28285
26604
17765
17529
19075
8991
15187
12025
16923
12280
15423
8088
19700
24855
10387
27337
11626
12678
5805
6202
27415
8873
25893
27896
13555
11539
5725
29845
5211
11055
15154
16383
28525
29584
21315
18086
23028
12760
19945
13063
24737
17416
13997
10358
5131
6744
21333
18187
7025
14286
9504
16593
23225
26213
15498
23600
10380
28950
17683
6292
8916
16203
7337
26132
5572
22550
14081
15507
15650
28568
7841
8145
10650
5031
20188
14479
12227
9467
29361
19545
19027
8808
10208
9268
9088
16312
9044
25791
15528
7737
25035
9423
23203
18493
27422
11703
18099
12419
15556
19875
29425
14947
23603
6256
18581
27704
17949
24021
11053
5818
10416
21607
29505
21561
12926
14724
23007
26572
28521
20242
27830
26829
19331
9703
13913
14897
19874
19816
12302
29062
23056
28331
15660
12240
20293
20281
22659
24764
20215
25683
19549
20172
22567
7630
19972
6950
9315
21736
14225
7660
23112
15421
13507
12361
8519
21393
21004
5212
14506
23070
8164
12679
20225
25966
25425
18535
25508
18592
16528
21490
20509
11010
15522
19540
26728
23159
9461
7815
13765
23987
23107
16780
8093
16133
18509
16637
5042
16817
20278
19783
7890
9480
29495
10527
24481
28653
7088
25788
20668
20878
8360
12348
13676
14360
20108
10065
20009
19512
17843
12376
14749
13913
24674
14340
29689
26978
20407
11634
10955
29226
25687
26150
24277
17217
25914
18702
12796
14911
25951
21827
9783
19854
27954
17860
20006
23691
16699
16854
22221
20913
21843
24075
14250
12351
26371
8125
29374
7555
25220
15190
23685
5516
12151
25337
11169
23472
14643
14301
18735
21105
29199
8248
9520
5980
18614
14214
15041
10181
9981
7981
22065
26767
27815
18365
18401
27963
7506
6819
15068
18683
9537
24696
9300
28061
14426
11638
15500
12008
8295
28599
29753
13524
18976
27084
26280
7522
8477
12517
19075
8625
28770
10523
17906
24174
12160
12956
22996
23165
7901
12056
17660
17816
13190
6265
23937
17760
16585
10172
5302
17278
9167
24889
5828
26587
23719
28065
28109
24356
27817
8587
13073
10621
14336
22653
5684
24343
20745
14548
5528
9568
8764
24952
27479
17349
16280
24637
16169
5331
9301
10730
7219
27731
19565
27900
27219
22982
24659
7183
29102
16351
9245
13869
7056
16270
12679
12658
8328
9410
25939
18137
10311
18812
22280
10233
19752
17835
26420
28841
27957
8314
11741
10478
25643
19947
6493
5037
9499
18958
18324
25684
17074
23729
10652
10623
24854
17872
29606
22860
29229
21102
28714
15306
15982
13513
14257
11532
15529
12504
19898
11044
25195
15049
29196
8240
16028
7092
27240
11853
10342
29970
12610
29966
27319
26775
6385
25677
18148
20363
29074
14856
23847
22136
6384
11924
7523
10457
22166
19659
5601
17298
17043
12958
17287
21635
25329
14225
18885
11968
13750
25939
22175
6186
24985
10965
18230
16379
15900
23395
17036
18064
9700
6368
18092
21420
29958
27307
18096
28820
22191
24015
14657
6092
7874
10480
19061
20284
23573
11798
22823
21438
9599
17350
16195
10372
17837
20042
25412
22918
18450
11889
26919
28162
7628
29329
20804
16832
13977
13913
10595
28602
26914
19977
27972
7120
27726
11307
17858
17397
20884
11601
14002
8611
15442
14883
9150
23460
8731
29421
25481
29164
24001
21725
29250
15185
5019
13332
18984
5704
16779
24424
16491
11284
12051
15482
26961
23275
9337
15686
29274
22474
16924
18203
22929
5803
21020
27744
15668
19948
19117
13158
13192
25140
14129
22712
25463
18612
8331
25460
5540
23219
21362
15661
14664
14278
8733
10737
27350
23358
26852
23238
24449
24409
24347
7802
21043
15894
29656
9260
18687
12361
13506
28416
12517
22093
6797
6030
23510
15685
7290
26785
6606
17931
27884
26428
8753
6390
16971
28331
14095
22509
20336
23661
7114
15514
22224
7846
9256
16010
6139
5778
8778
5187
6684
28657
13716
10579
18240
23905
13260
28550
24052
18506
17493
23819
20333
26570
17744
21776
18742
27208
19253
27085
16312
7403
29237
12850
19147
13523
13250
14226
5725
29190
28573
26578
23950
8579
17019
15020
19491
8776
9038
25443
15301
21557
26655
21222
18348
16811
21607
12991
18333
10214
29694
9679
13095
18255
5369
14221
9954
27346
7662
11700
7506
5049
12858
9607
21194
12972
16789
6049
9888
25164
28390
22705
17786
9092
13284
27497
22380
8644
6736
12672
13353
26976
10918
19959
29396
27158
26233
27647
29135
9286
11817
25402
26291
16169
6977
16418
15694
28319
13765
26423
12026
15998
12343
13135
7129
14065
28021
19984
25722
6330
16934
7728
15984
7644
12944
9960
13417
19011
12275
27501
8059
23318
17738
15549
14751
13901
28282
23467
18047
29477
28566
7871
25549
23398
9417
10066
15416
14392
8080
20063
6628
8289
21825
6333
8093
21277
25129
18456
6489
28172
9642
14034
11307
11700
26932
27114
29033
29644
20951
29749
24256
17230
17640
14405
27193
7437
28664
23892
29504
17699
8110
27952
27389
17165
26559
5281
10659
26591
11058
12488
29712
9231
8333
16879
5844
22643
28681
12692
19539
29879
9791
27965
23899
15581
12211
11753
23942
18183
26375
28645
27798
13922
12414
14677
14645
21434
16476
16253
13821
14982
11862
27211
25833
25466
14046
8706
14979
28640
16587
23443
29772
28619
8275
29141
10613
7196
19030
7169
17402
26257
16913
21514
24610
15059
15617
22644
25081
19113
14757
17241
8336
22187
20830
25274
22726
10518
19240
18571
27035
23206
25167
27545
5578
5421
24051
29567
17165
27714
25729
15265
10697
7198
13308
9230
15733
5807
12756
5786
13471
9541
15768
21224
14830
20034
8494
8559
7989
16712
28686
13585
9012
8293
6490
25872
23843
27354
17424
27849
13906
15358
6200
14404
29040
25380
6261
28194
18525
14685
25027
19123
8872
6652
25367
12993
5582
24024
21657
13824
24818
11121
5599
29915
18363
7500
16148
11928
24309
23231
16385
9785
24168
22545
11676
24843
27103
8842
25177
17911
18708
15768
26210
27541
20029
24785
26147
10310
27905
5954
28834
24127
29418
7281
7088
17935
6952
27318
23780
19821
22824
11207
13014
16164
19819
7718
9170
13579
15832
27309
18163
20922
25503
27349
18332
12588
18226
6264
26736
21338
11519
9215
16374
27687
25058
7341
13377
9865
5481
11053
24475
9105
14394
15737
16234
25724
7842
21655
7198
15921
13166
24007
9303
8842
16945
20783
24269
11034
8657
6987
5975
28393
27035
27538
8736
27655
24115
15033
25869
7967
19254
10481
10574
25094
15123
25123
24815
17523
10726
7047
28883
29704
28127
18128
15116
14749
20933
26014
20891
28032
13416
13313
10883
18153
23795
6188
10008
26019
26858
25650
23695
29510
20740
25560
8214
10434
10889
11389
18062
12125
14877
20523
13764
23306
16529
27957
11890
5563
6984
9965
19979
12146
10686
27168
15728
8844
10804
29322
23132
14562
25376
23303
14904
28999
6622
23307
14050
11133
14818
13817
8668
15906
21304
18615
12444
25192
15146
22054
19554
15443
16358
22168
9832
10763
8989
21180
28430
12261
18775
25439
15145
11526
8049
18764
18264
23491
11547
6852
15760
7552
13555
9474
8788
23210
28880
15945
12168
19286
15754
28992
22248
19396
20121
21941
6621
28947
18497
10141
27613
21594
15816
26706
16733
26985
16404
27892
6530
20916
14487
6332
15044
7212
9472
25707
19109
27178
28625
24312
20017
17457
10974
12587
6996
16685
13151
17833
15495
15141
5737
25195
19086
28395
29228
16935
29541
17788
11926
11352
6605
27877
25952
7976
22253
26015
13065
23802
10875
14581
5134
10152
29632
6915
12271
9008
5540
13128
20251
27089
9077
27979
5966
24064
26338
23624
29741
5038
12838
21401
19672
25379
9916
28968
17477
11131
17062
11848
7564
24441
18482
13486
18522
9218
5184
12227
16463
25134
15261
18683
28641
22008
21018
28244
23178
17176
16434
12637
24248
7647
28077
20465
26136
13125
11647
20039
11513
7132
20987
11704
15822
19371
15679
29211
17476
14888
22591
27774
6097
23155
14028
8806
13662
6206
28401
13007
11275
7493
12482
11855
5935
7714
29985
22595
8139
21302
27945
18712
16227
29870
18081
20784
23357
18808
8863
8675
27001
21313
22798
13643
7980
15355
26696
27632
20289
16543
20207
19954
19363
29868
13414
29917
9896
21450
29489
24421
26365
10082
23293
6047
28058
28894
18931
22600
11839
10125
11706
12543
22767
21914
26968
12861
27575
26925
28391
28549
15018
16219
28050
18689
18306
8858
27504
18930
7774
11544
16705
7827
12214
27124
13545
9335
13250
20512
29486
8153
26087
20365
12189
21561
26746
25068
19450
14002
16717
10680
5167
11573
21665
14721
8463
9280
12069
23057
9356
8777
17171
28233
16077
5016
16668
12035
16882
29314
23245
10192
9252
16894
27827
9867
25795
24859
23962
8565
8360
25807
18985
25461
26391
28219
5939
23693
10942
5534
10610
13700
8999
6703
27078
28591
8651
25615
18433
7156
12728
14527
13747
21813
8691
13241
22676
25923
16570
6798
27288
9145
23731
17462
5029
13269
10336
10023
11883
21728
24538
24293
5346
6487
26152
26573
24491
13638
12347
9301
15548
8367
15463
17009
27654
16324
19161
29171
20003
26299
19143
25725
24360
16891
24294
27053
5896
17702
22407
28823
11127
5346
6425
24501
14205
7895
11742
15123
23068
18931
16729
20760
19413
24199
29834
15204
9888
19216
15052
18100
5480
7186
9117
11745
18255
11243
28697
5065
11859
10142
12159
13948
10703
23091
11519
8085
17583
12624
21079
18198
28701
20799
6885
12651
14104
18771
14936
23462
6547
7156
17411
13654
22705
26157
12620
26421
11627
25235
11311
22715
24916
11158
17322
16357
11392
5415
21463
7219
21680
8448
22948
9614
24380
10151
17969
5580
28921
20348
26335
29229
14303
25109
8034
22820
21274
10614
7141
29583
7285
11057
19997
9084
9838
9700
24646
16340
19502
6253
22709
15874
8678
20891
10896
7060
29580
11330
9547
18884
28653
16208
23393
25974
16416
13978
12236
25865
15080
21454
17188
27501
20819
15259
26190
21550
17081
19538
5209
28861
5270
6896
23546
8953
11368
25560
6019
26284
23153
10450
10722
17058
25862
27430
10398
9252
7253
7024
21875
22314
15408
7629
8400
23046
23714
7951
12024
23515
25582
10923
22002
17628
9583
15740
28666
22414
9955
23454
23412
27846
19146
14418
27585
20214
20677
15898
20617
29444
22863
11911
28012
29020
11159
25711
8107
14330
25397
6873
7118
10673
20149
22994
17416
19846
19941
7413
5321
26713
20314
29987
17349
13571
26312
7298
21852
5190
8000
12103
26471
9136
19550
5639
27362
10399
8666
28373
19700
13453
28052
26924
25115
19989
8368
9914
27466
24988
21758
14626
16165
12935
15637
5903
15990
27644
12007
6417
20176
12949
22631
11555
19787
15548
14383
25558
28227
29644
6815
13419
16882
14228
9376
22337
13584
22267
24916
24516
26589
16868
21892
28878
26661
23833
29332
7831
5228
11720
27926
7809
22307
25283
21996
19493
13771
23544
20495
21351
9975
17144
26626
5937
26960
25271
28751
23542
26551
25656
24417
9567
22236
11031
17818
16947
5300
26088
26392
13185
23315
10621
25304
20030
27288
11199
25246
9929
26421
26567
8044
20840
11853
25613
12100
8262
27878
24470
10050
6509
27174
24296
11141
8490
25269
26449
19116
17652
23786
10058
15793
29514
14053
21945
20571
26829
8079
16097
8223
24476
15540
7028
8455
19473
12325
15438
29388
16854
16927
15562
9308
9281
20261
11811
20396
21543
29637
22120
22736
29999
12969
26067
8206
26241
26698
5918
29396
19760
6005
7706
6959
22787
21326
18500
17049
21377
21731
24643
14487
22749
5231
12236
20197
26105
26366
29136
12581
10549
23581
15979
8944
22950
26774
15962
14191
26471
6129
9095
28173
10247
10060
10181
12840
21552
26480
22604
26549
7921
22742
20606
21925
13451
5784
16290
18403
5638
13985
26205
20678
18636
14015
11920
24716
10287
18844
5172
16729
8219
26502
16027
25220
5431
22263
23956
13333
28897
25282
22072
18480
18612
22291
16797
26282
10989
14755
19624
16395
10633
16025
27436
12279
12230
11311
11340
5652
7973
6371
6947
5249
28905
26679
15837
18248
7407
7705
12324
25761
7960
6147
8154
27417
11721
8764
27512
17307
18908
14120
20527
11130
9830
8933
6762
14494
23282
26457
12546
21324
14846
10602
27434
26927
21330
23573
18243
9738
28161
5212
23688
10830
17912
14374
23048
28185
21788
12543
21437
25633
11177
10114
8491
25004
11934
20761
13452
25706
21494
18544
26253
18651
23004
10034
14265
26480
27928
23858
19985
22685
21002
15314
14926
10772
6100
10655
11734
19506
26224
20183
12432
13493
19547
29694
16887
27352
12904
20749
5246
10006
29914
8913
28420
16643
27624
25823
17343
23436
26309
19634
25728
7409
23350
18541
10259
26264
13507
19245
8618
12375
10609
21815
7971
28989
21699
19917
7914
9505
16386
28621
15239
22041
24565
17734
26446
24402
18591
9348
26765
5538
19338
13010
20068
17866
16364
15719
5677
14632
22399
25710
7759
14866
9809
28607
10493
7062
5622
8902
22893
8563
17100
14048
29670
22001
9435
8116
24909
20693
27974
22798
28510
25298
26396
8224
17598
20127
21990
25559
7815
17902
19210
27329
10635
13698
17650
9690
23924
26823
19494
23018
25391
5839
27559
8692
10245
15059
14799
21715
18996
18673
26665
23053
6674
22832
13184
5025
5691
6194
21016
17706
5868
28197
28703
22166
7151
27801
5556
16732
11572
27562
14266
6993
5647
24300
23077
26402
22544
5941
26195
19003
21351
17386
28079
10110
17034
22869
25819
20559
6496
9134
21464
7583
21924
11689
7879
26827
27736
29092
17975
20070
29051
6107
21869
15538
17740
27976
6450
14976
8821
18978
7419
29309
11392
6882
5199
11457
8135
22000
26492
9431
9874
5106
5445
18127
5663
5664
17798
14433
19288
5633
21979
18579
5980
27300
26112
26669
24631
17638
17698
11865
7604
18155
7424
13144
14067
12291
23102
12244
25664
25178
20993
25818
19432
10356
24737
25822
25308
12926
6889
22706
14118
20277
18023
17565
24288
16877
14448
24146
23828
6424
25850
27133
5372
19759
29466
25073
18273
22705
7746
16554
15658
27352
14367
6705
7887
27523
23304
15120
8879
21795
17920
24428
25837
18335
15649
13649
16824
14399
7517
15450
19291
24159
24393
10267
12539
9198
12435
20213
22151
21671
13457
11248
11263
14696
12977
5162
29837
27156
5548
12984
15765
11271
17329
5135
21601
17721
29986
5780
11755
5375
18203
15709
5416
6179
8256
7855
12202
21964
9300
20092
19347
10390
19482
29786
21674
14322
11245
11330
24414
15489
17229
18316
13165
26384
15475
20900
22834
16535
20282
9365
15929
21241
21740
7802
21005
9582
9872
5246
16360
24576
16227
26295
16626
24765
19594
14983
18618
26505
23206
5198
17512
23505
16793
6073
22320
28268
5296
12662
6440
20491
20223
28452
24082
23281
23226
28858
29735
29512
6137
27255
26814
29411
18709
9582
17444
7599
12993
15768
14698
8832
18010
23600
14463
17157
21888
14006
28969
24840
24603
20337
7506
21228
28504
7603
7319
10347
29624
12896
19912
9582
7690
8669
23369
28049
15161
12474
7081
10209
15798
18730
12595
23918
11692
29179
23398
13980
19455
12828
15013
21062
18217
6225
16814
21296
10408
25146
29749
23097
20510
7233
19594
13768
14228
13610
21603
7545
10850
23620
10883
28547
15087
28908
10368
17429
26082
28282
13162
6601
15748
6695
21937
17097
5418
18002
24196
9588
29550
5634
20781
19020
29388
24619
15909
9880
12111
8095
22370
24050
15718
17943
29877
9528
25073
6334
19636
19530
23780
5372
23729
9495
13306
18813
21939
18886
25152
15142
23856
16008
11311
16210
17742
27881
21725
22999
16499
22107
6350
17053
27700
25284
9895
7947
9542
21611
6985
26102
16173
25418
13014
22187
20454
28627
28190
24803
21162
9474
26037
13542
24398
24590
26056
21189
18791
22453
16972
17637
7393
25419
25074
24699
8762
9240
6517
14441
7196
7607
22339
29942
17073
13049
21036
22659
13568
13974
18525
27964
23187
14250
20553
12892
20064
24340
10057
29697
6940
17388
9181
23136
5609
21994
19070
28167
21744
21061
7791
5743
11436
11281
19219
12217
29068
27188
25652
6685
17228
10358
10944
14871
17360
10453
13678
10121
21419
10504
22898
27142
12606
7904
16413
18651
9359
29877
19562
21458
22310
19871
5746
8309
13867
24789
12973
21629
10887
24500
24471
19104
6986
14929
28615
6552
20508
18287
28072
27210
18431
27048
11740
12670
17952
19973
28071
18236
12261
28848
8267
22171
18705
27465
5530
25651
20105
5225
22070
17798
7897
16438
21844
17136
5746
28351
25772
14711
9030
14198
9771
26443
20514
8814
22946
12823
21867
8373
15540
13381
7693
23414
27021
9493
28904
24996
18004
22859
6348
18169
6109
16151
8300
25646
13092
10829
8030
13238
19124
11763
9080
24331
25981
5945
21654
13651
15011
24137
17509
27140
22296
16316
21935
24476
29362
6329
24100
22175
29091
25736
18908
15438
16845
18801
22181
14447
13766
8594
16036
29108
11333
20065
23279
20159
20086
27804
28561
6965
9442
12978
12777
14790
28510
7237
7913
29687
26626
13951
24786
23575
19263
11957
13521
6437
9107
25992
7157
25614
15692
18783
14840
15498
13805
29824
21123
16424
24230
16807
6619
14788
21723
23057
8454
16156
12324
27749
27493
20797
10644
20368
25397
20802
29402
27200
18475
22977
14305
20825
19123
28540
26478
12750
25255
21427
10795
23570
10671
15895
10130
14443
26271
17554
20735
10739
26095
26992
10404
7974
19704
7290
11407
14128
29989
21543
19520
22316
10088
24782
22119
20907
14988
17860
25953
18555
8185
16167
25637
15507
17166
12954
20148
16582
12829
15808
10957
19857
8996
8663
13902
28402
24400
27800
10432
25315
15871
24585
7623
10440
14512
24306
7019
25652
26801
28724
28702
15911
9317
16566
6697
11885
18696
27342
27148
20140
16055
16728
20433
17027
11462
29505
27321
18037
18752
11180
19139
28521
27989
27676
18732
12059
20739
16272
9765
26490
23068
15243
8908
19905
25027
26705
16566
25836
6331
12618
9711
12298
22192
8875
26451
20518
27950
8702
6433
11476
23603
20405
26692
21393
29052
8813
17504
29469
9288
18039
25684
16494
28499
14678
7963
10786
12117
27268
23261
14657
29656
22884
22825
16992
28566
15569
27905
27010
28502
26841
21137
7183
19403
24766
26329
29989
11441
20092
13759
29912
12239
8692
28339
6062
27199
15258
25186
26015
26276
6998
26184
9663
23848
18739
29107
19804
14099
13408
7960
16413
11408
26336
28618
15540
20693
25965
25029
8648
14552
12558
13739
23885
5171
6378
26843
21700
13349
25231
20813
16310
27840
28469
22509
8052
11984
25136
20489
24622
20949
14872
24926
29230
13401
17241
22505
24559
5602
27685
14415
18905
13639
20057
7774
24503
15496
11320
23561
26915
5228
6747
21101
26718
24616
22205
20173
8646
8436
29056
10083
5110
23190
24587
7144
26371
28439
22582
10353
14428
20540
20412
23396
16682
17522
25053
28133
24892
8307
20372
17503
16248
7293
23056
11196
20576
7706
14766
21849
24566
7724
28682
10696
7123
16394
11802
16171
5910
10238
27306
6154
22992
8939
19785
23380
7357
29837
20235
7349
14014
28049
24567
6660
26668
6045
22012
10404
14620
22977
23847
11211
22024
16033
19328
7208
21039
13011
19715
24397
9812
29496
10542
18062
19130
16430
28228
25760
7726
18120
23658
23727
7575
16535
10875
5282
10792
24995
27641
6904
21497
17294
11918
6748
19022
21880
11476
16985
29666
13858
26783
11796
6325
5473
27253
23659
25820
24873
15081
21464
19009
6888
10201
13133
11392
6733
19262
12675
5884
6281
16741
7579
14724
15687
5244
8016
17125
14822
27750
24828
22660
22642
26834
14420
26772
23100
22198
6301
17844
16452
5818
27491
23729
14249
14954
14316
28758
5367
12593
22948
10427
7830
7184
15288
7004
14757
10293
13236
25422
15928
25565
19292
6178
11201
12795
15449
11325
11353
25563
26325
29262
21515
10072
9413
24630
28814
23743
12949
26132
19505
17077
25757
29732
22702
19540
23359
8465
7712
18826
10270
22722
23374
17690
13095
10348
24413
29335
12080
8298
27888
21823
27419
21796
27427
21328
7320
11904
9627
26072
24250
19164
18233
19673
28697
8720
24001
24180
16678
10477
15753
10421
8922
29194
19769
9365
6878
27497
12489
8399
22853
17744
28181
8062
19596
27860
21427
29172
13666
18224
20210
13326
18755
7721
20722
26219
23521
27875
21318
6936
27213
29082
13280
28155
14822
23136
11477
16089
25689
24169
8181
12165
12666
28937
22130
23028
8887
8448
18686
25065
16734
20756
25903
11020
18323
23208
19639
9343
28821
17474
21524
25259
5027
9040
21701
29285
9600
18984
7086
10585
20318
11730
28780
17666
15704
15883
25842
13409
26066
12076
9508
17006
22067
23121
9457
6768
22308
20066
6695
27980
6758
28972
18832
12035
11697
8553
27099
6783
13962
15279
27944
14790
5575
24475
7750
15521
13069
25186
12662
10355
20371
20930
17755
21826
27227
6951
23404
20629
6200
27636
6230
23688
25425
21937
13293
20731
25055
15468
21538
17708
28122
20971
9094
17470
16967
7168
21703
17159
17597
11008
18335
21830
25067
8553
7484
6949
22993
9188
28520
27505
9145
14108
28353
13732
17340
25600
9231
11132
21211
14429
19051
13776
16771
9353
22702
17976
9172
5821
18464
24410
22232
5150
11397
26523
29741
27488
15466
24389
24769
25534
11873
5840
17327
20587
20215
17706
27017
25239
7468
24084
10237
16241
22073
27847
19746
23525
20232
29853
23634
12666
10200
24720
10245
26789
21414
6577
22792
22333
24575
26501
16253
23042
6430
8602
11647
26013
8309
27852
22071
11788
5671
17934
22538
22155
26612
7713
19419
26936
10123
29306
13799
25137
29272
5482
17586
18161
26684
19736
26264
22198
24779
6697
19512
21540
6306
10407
21643
25223
23285
28014
21357
28600
12618
21985
19185
22654
5865
28275
24924
6502
28657
17757
23431
15852
13013
14946
7797
18159
26626
7560
12736
13957
7470
19154
12049
16060
18329
13636
11231
27560
26836
21363
13457
28478
13404
9029
23497
28315
14573
11076
10475
24702
25587
9070
22840
28207
24069
27421
10279
26520
14759
28466
17118
17108
29894
28534
26529
19446
7553
14548
7858
25672
17927
28299
11148
5407
8310
5700
29628
24090
17395
17181
27393
27938
23522
13776
26660
24810
17626
10546
19520
9415
13417
21357
7249
16980
24653
5031
28354
8840
28692
23622
13546
7458
25641
5451
6178
21712
11182
7738
18870
11264
29877
27272
26498
29345
25012
6588
29384
11312
7740
6215
13162
11327
8806
27470
5498
18121
24728
18045
7776
11220
13945
17262
17312
7390
21704
21418
6697
22449
14924
13822
5747
23322
14751
25479
28116
14741
19079
14244
5651
6555
6882
9586
17557
15725
28919
7256
15160
8727
25404
22117
8335
14627
15940
22074
19828
13471
20589
15542
15780
6475
19950
16375
8741
18830
28332
7960
9233
25513
7623
29988
12781
17597
8600
17049
5564
29662
8345
18282
7014
9629
26043
19167
11023
15052
29829
27623
26619
20686
19698
25709
14427
14424
28077
16225
22907
29572
5224
8359
10810
25189
6940
23454
18743
11920
24927
10352
24749
19990
18402
9344
12551
10091
19796
7596
6071
10642
14868
15716
12200
18403
16966
10028
28300
25740
6445
9025
21751
12442
8008
11401
20493
20922
26700
11227
6108
18356
29575
21092
16221
5631
13348
28397
14981
18924
12154
18461
28537
29818
26449
23850
21917
15430
6878
11241
6939
14989
7827
23093
15926
21323
17549
5183
13813
27824
19064
12175
29936
27858
5457
19606
20140
22306
19151
12333
20353
25818
19220
23950
11334
17112
23077
24590
11991
17131
5772
7563
26937
23377
11639
14943
19527
20032
11173
5661
28469
17295
22480
8001
16626
23296
25521
16242
13520
18715
14687
20055
19255
10313
6596
27923
26321
24468
24918
10033
17380
29813
20754
26162
28575
25246
24816
14773
20319
20467
8528
19401
14264
25616
14967
17087
9903
23516
10432
11071
24828
29359
24904
22071
29648
27919
19920
24883
11362
23546
9607
8226
21467
17353
8901
20236
9796
13272
18791
5309
7335
15452
8263
27794
11439
11300
15396
25657
13263
9521
26726
16181
12311
24843
8114
17355
18795
21324
26856
8098
9205
8752
5993
20270
10915
9317
29594
6901
8179
7316
21855
7874
17776
11817
20724
5759
7904
8778
29048
8157
6559
12271
19224
12020
23650
19725
21857
17076
27293
15012
24085
25415
6444
8397
7856
11096
25250
12142
20081
14703
27972
27731
5605
19887
15920
19733
14640
27931
14384
11962
24881
6836
7245
7255
6471
22799
24882
14097
20954
17865
21253
29136
15746
12928
11342
14659
26612
17924
23002
12082
20659
29588
11399
11049
21935
28217
22858
21621
25718
13111
9058
20056
11146
20031
14138
15161
23850
12518
7405
15459
13656
19333
26327
12526
17419
28703
13652
25789
26900
13233
14408
11562
22697
23766
22655
14341
29439
28764
20964
14676
9487
15283
15338
20709
28385
5867
9401
19571
8970
24600
28428
26742
12006
21503
15729
23157
11069
5967
19066
9902
26995
9359
7316
27676
21163
26206
13019
9972
15454
11397
21547
5258
6040
17459
8490
29602
8958
18506
9402
22961
28414
19701
26423
5357
12396
24105
14270
23791
12223
7025
18395
20177
20730
19126
6716
26165
29242
23292
16091
29934
9220
16483
26525
5799
8887
18802
10205
28178
23663
17022
8289
5959
15758
14819
25890
26162
9798
16482
29788
17831
6384
27601
19539
15622
29096
15153
9319
14080
12814
11517
6528
21621
6036
25795
19295
6817
9508
21804
16676
15301
29410
14452
26371
10782
7036
29443
6643
25690
26206
25889
17185
15815
22630
10650
24155
6044
11619
9084
5589
20198
10952
5545
16697
18188
21958
26992
26442
6028
16912
14094
10464
6707
26215
28565
12641
16413
5731
27611
15444
11294
16331
5234
29485
9084
26408
27084
14331
21658
10600
6997
19333
19808
9625
6599
7350
29376
22875
26099
18228
19376
11639
15287
19205
17492
19163
7042
26606
16306
5798
13219
27898
13864
11550
22961
27096
18707
18747
28818
23222
14820
26753
28923
7417
24196
6971
16266
9614
18460
22618
16497
22579
27484
5538
27765
28135
27309
7698
7051
9190
14523
17817
18298
17286
21309
13333
16806
25836
12770
6689
11782
28059
9961
6076
6681
15657
18341
16218
13816
28410
29924
15282
24097
7768
28058
22777
9682
7709
10519
9620
7411
19297
27860
22434
6094
7213
10144
14914
14798
9889
27574
5621
23221
29634
16326
15301
23510
22159
14965
24447
19023
6049
24630
12942
26853
12351
17241
21918
22775
10819
5484
23805
6683
19164
5026
6668
18784
11843
10229
29376
29022
21240
22055
15758
14384
5321
22296
5862
17793
13334
24569
28459
17760
10695
20641
12098
23524
6096
29755
24816
13048
17074
15964
21428
7537
18621
25605
14584
9418
18838
23429
18975
20382
15109
6184
13084
7955
11962
8760
14058
16194
5644
18379
26192
22073
15774
27282
12721
22781
29586
29162
16949
8704
5500
19117
19095
16821
22884
10781
18655
10430
14286
29654
25814
20258
18674
15202
23127
22385
11314
22546
25465
25571
7615
23028
9559
29057
16959
29195
19035
22607
7096
20674
6807
19515
28468
24519
19151
14228
16544
19064
11795
16397
7761
13019
6882
11311
5453
13079
8982
22398
9917
16122
24297
23722
20772
12771
20237
7171
23688
27792
27153
11621
7161
11201
26197
28195
12095
15689
21732
21237
16504
29570
15663
10475
15587
17177
5795
18166
26454
25054
5341
12954
27491
11278
11676
25152
23123
27662
22126
21528
21560
15653
10004
23007
8108
12257
21184
28925
9437
12001
6916
7434
16326
6233
5532
13693
25252
8096
12029
7743
19522
14989
12504
29964
27627
23825
22084
24962
22038
13532
18330
9383
26568
15693
17816
22680
10833
20711
13428
6793
28921
22003
17581
25981
16496
7923
26312
13560
28416
14644
29197
22949
23149
8190
12615
28943
8077
16269
17109
17144
26859
19215
5561
18731
16480
26753
22123
13874
28344
11121
19381
17174
14436
14141
11207
7085
24002
17266
15044
21327
19660
28594
9058
13472
29942
27445
26688
15628
23326
29167
15790
5448
9596
22276
13503
26916
17855
26006
24275
16950
23637
16349
28150
22423
12924
15793
28576
22037
17734
13303
18054
25049
27396
11656
10423
13109
18887
6647
19919
27043
17465
16109
13105
8609
24654
27582
10354
10027
9164
23129
29776
20229
26713
16408
28138
11688
28113
6724
9596
28799
20236
8575
27574
10337
9224
15384
5095
15015
13760
8404
6452
11358
28097
6927
7272
15269
6361
25588
11790
23311
11236
17746
15534
23041
8058
23168
24046
16226
28401
15428
17395
7181
29344
9114
6260
24309
12172
23771
8517
28365
29166
8090
24133
5626
27701
13051
13971
13096
5809
14366
16095
28504
26170
9203
25669
27616
16261
9857
20942
26864
27070
27537
7958
14874
18239
28122
6516
28643
26134
21665
9032
28969
6446
5853
25995
10837
21958
6959
10930
26924
13023
18741
22099
27074
27725
23150
7918
17445
6966
24456
28765
13811
27176
29597
8527
29848
16994
24421
19482
17766
10281
24945
25663
7347
6441
22651
24748
14021
25391
24773
28954
6521
17314
15121
21441
28969
12509
16143
25822
16504
11378
22722
28246
22325
5928
14892
22864
10232
14274
9768
10877
7518
27123
5595
21151
27053
16966
9626
11679
5245
29523
11118
29788
15550
6655
12093
7083
14081
12584
21025
24741
17468
12126
29026
28762
27574
16272
9777
23821
8123
16901
24372
27516
11360
27630
18445
5906
23466
23246
16920
25989
18158
29227
16032
5364
25568
24358
28939
11623
27966
25446
25346
9798
12863
22362
21606
15461
12362
14067
7389
22087
16201
18388
29293
19839
6597
12109
22987
11956
29531
28675
26074
28496
6786
14283
11643
27520
24559
15684
24692
22152
20858
24001
10102
6725
23811
25226
25454
11207
20914
27826
11718
11255
27079
22018
21361
22864
19136
17863
22455
7384
20595
21533
9090
15152
28837
17141
7348
12989
13150
25667
19771
13119
20153
16849
29643
19684
8798
17421
11409
14347
26586
18430
23590
16359
12521
27830
26124
22096
5872
19223
18583
5469
29479
28725
21391
16265
8158
29942
27843
29342
28620
10317
14436
13459
7795
5950
28576
16047
22814
5426
18598
11008
18939
12459
27381
15442
10020
14711
23854
7710
18456
12917
5382
13278
25451
13543
10317
20147
17001
29361
11903
13437
7942
14453
14791
29662
14661
17221
22625
17551
9987
10076
12226
11772
10168
13006
18093
22070
22226
15027
8729
25498
6090
12270
20371
13005
27912
15454
5092
5915
13494
20263
8222
27498
23896
9843
19230
8371
18363
25862
5813
23831
6935
9478
13805
12371
19016
10638
15776
13666
15631
28018
23774
25862
27486
15590
15914
28375
27531
13385
11521
9206
21487
29708
23388
12391
5922
24791
25435
15955
24446
28638
23549
27736
21142
15453
9628
11294
28285
19550
8549
18862
29090
14371
12304
19745
25269
23454
15851
15614
19049
13204
23442
20459
27446
15059
24888
13114
28623
7875
26464
13950
9966
25102
14498
27891
19161
23682
29548
5373
23194
9139
28803
13274
6962
23225
10678
7831
19754
10616
22177
19977
6045
14051
26564
7559
18742
18853
26289
11396
7410
25162
15125
20982
9188
28503
23550
22424
19755
28108
13227
5848
18296
11504
6192
23888
9713
8612
5592
6656
7204
8259
14581
8128
18424
20943
8057
16038
14329
8627
22740
27679
8426
26535
15034
15767
17878
5724
7073
8916
5403
14966
22283
25103
18680
24573
7774
21346
13332
10695
23059
13685
11306
14560
26446
25976
19593
25035
20107
11346
29918
12634
27214
9003
7951
10941
21207
10373
12720
10737
7434
26753
10132
16943
18046
12425
7512
12976
23071
9437
24018
9193
28518
7415
15897
11186
17541
7016
22424
28294
16947
20818
7198
5406
8228
5374
29751
15255
10621
8904
25801
5787
6559
12598
21692
21665
7774
29824
13729
25406
20959
13103
28779
19502
27348
18953
9825
21802
21602
21337
28803
10958
29710
21162
18101
18086
5367
24885
11861
24134
24285
16441
12077
25768
27238
16220
16032
16369
16521
27731
19472
7423
13762
7947
22071
16784
28554
17173
27324
20246
29085
21249
21185
18097
17133
26113
11165
12653
15112
26582
17829
11215
17250
22403
22332
11090
26679
22401
29019
19317
17593
9242
29522
18316
18003
8465
5618
14750
11652
5794
10174
26516
14151
24483
9027
29240
7031
6405
22669
16505
19985
11440
28321
9286
8387
25051
21524
20038
17351
21835
22533
8684
14310
26858
6408
27629
13585
21461
10277
17866
19572
6522
5653
10282
10633
16403
18377
20219
24115
26031
6982
7261
20602
22945
17983
11170
25666
8850
28659
16469
29922
25816
19192
24665
14303
9596
28859
10858
10047
11415
25161
15080
6848
7962
6729
21765
14478
28457
19175
18943
28098
7188
14755
19284
19290
21102
20350
19391
18124
6243
21602
27164
15151
20142
12043
6226
19467
11212
21438
19266
25111
24797
10521
26758
21897
16130
8283
12062
8102
5917
22131
18162
20872
16892
20616
18348
22752
17410
27571
21511
14862
15482
25574
8420
22779
28565
7799
27108
24970
16317
12623
10783
23935
24378
27856
25969
20914
10103
10163
13455
21218
28372
15517
12296
26733
23748
13597
12128
7698
14714
24613
22471
25812
8666
6032
17446
9903
24362
17428
24540
25293
22164
29722
18608
26633
12929
6678
15575
22629
21449
17380
17964
16514
23867
13024
13627
25545
13473
10422
26365
16639
23190
20518
10755
28028
27462
27777
17854
22412
18003
28821
19765
6966
5457
18131
19786
18716
5769
5297
29009
29643
13903
17956
21897
5608
22303
8888
18035
24131
11290
7498
20399
28777
20638
11195
20292
17866
25509
9144
19333
26994
7620
13099
21500
12986
13123
16419
11041
25972
19783
28228
21566
29520
29583
21531
13566
7103
17605
6610
11109
29575
10133
13012
23013
15218
21886
25340
28821
7264
6233
6851
16409
26268
11004
13275
22731
23189
7042
21084
28918
5813
29030
24624
19096
27581
17914
19911
8180
16811
26711
29459
24605
9011
10750
26417
10783
28582
14301
14534
27548
17359
16157
16395
13242
5004
25337
20404
12274
6812
19753
10642
24245
29819
14223
27302
9352
19114
13183
28278
29371
7261
11736
21459
27546
10524
8978
10143
24701
13793
21283
22671
26328
20301
21803
19845
7071
22028
12677
7741
23165
21791
12651
10214
23165
15965
29257
18032
6000
27284
8833
16279
24760
26398
14362
6416
12431
19267
6560
20946
11669
10770
9047
24270
13523
11920
6340
23652
13785
8668
13545
14019
17308
21984
28898
7576
18292
27941
22940
21471
19167
8872
29739
27741
11045
27556
23503
7676
27796
19220
5805
24044
20366
5047
16854
22895
21569
20614
23613
20024
25860
21291
11032
25613
22411
22945
11585
6838
10127
23079
24920
26002
8082
20518
17546
21928
19952
18427
7205
21635
17149
25345
29378
8792
16838
20800
10745
20830
26122
20848
27674
10215
24705
12671
8825
16553
26316
29992
14862
18235
12908
10970
18024
9521
12118
23802
29226
20585
15261
17728
28820
26709
19852
21807
22814
16470
6793
8730
17099
29474
24966
10607
24272
27765
27008
21403
16837
13202
20018
23302
8209
26341
8812
6463
20586
28488
19542
19220
6264
12687
23954
20831
21925
26120
16452
12788
20456
27022
9959
24516
6659
29381
21556
22137
5798
11684
19640
13788
24348
7502
20379
24298
21350
22194
25898
16982
25051
13478
27499
28328
19608
12902
24957
20338
25535
16339
17796
28220
20052
11578
14671
22027
25217
27850
23540
21900
7206
17561
12488
13536
20112
8702
13961
6624
24563
15156
29098
7144
25661
6319
14273
12417
23558
19073
16628
5402
10813
18813
21886
15249
28457
15071
5693
16826
6878
21286
5266
5974
21474
24862
15852
5348
27207
10955
8905
25761
27764
18173
27570
8983
13369
15432
5192
26909
9425
22869
25454
16571
18382
28696
7542
19955
28378
10938
13083
13182
18164
5619
18962
20212
9964
17506
9870
15239
10151
14145
11182
6499
18473
6170
9788
16744
25889
7267
6500
5746
6092
10558
13115
20440
25205
10262
21734
7788
21868
21103
28015
24203
18048
13941
29637
7980
10219
28922
28978
5492
9164
29646
19841
22236
16816
5639
15900
25141
6948
26272
23291
19955
9145
25376
16852
17248
14909
29585
26007
13426
18286
28029
24859
23522
7203
14738
25284
20089
24379
16914
28980
6344
21859
18026
24979
15893
22472
11231
6826
14636
13827
23035
13877
9767
20027
11949
20806
5461
20959
21332
5746
23063
20948
5220
20442
9288
22411
18320
5607
26214
12589
22585
16779
22332
12477
9011
17991
25103
22121
27867
13564
22277
14347
8016
6533
23812
16081
24754
17278
23884
23314
11462
14850
27572
19096
8394
27764
28653
21815
26547
8388
29795
9538
28308
19471
15970
21904
12007
19201
24053
6249
25826
18215
15926
23600
17816
21833
12058
26761
10293
20804
23232
29758
26784
23676
28827
18330
26218
10046
19926
21902
28121
5942
15159
10267
9521
11519
11935
20711
5600
7936
25989
21829
13114
17011
13917
29259
11995
6790
23279
20048
10808
7271
12978
7575
7467
5832
26889
6095
18892
22541
20339
20454
8949
9320
14761
17248
26689
18113
21404
15187
24086
29954
29729
10917
9049
11845
14669
14936
16063
18184
10649
20239
24971
9259
21427
9134
23877
27227
16620
26613
21975
6704
15641
17968
20692
12114
10842
26212
20899
14264
22281
22023
6996
23230
13153
15225
26202
10150
7941
22057
10484
23022
20703
29323
17432
29705
19719
20565
11685
18246
18268
24968
15622
23479
25191
19201
29718
15698
26109
29583
15258
8557
25962
12602
12331
8756
17044
8701
27171
13201
20771
10125
12080
23474
26274
5974
23103
11055
12536
9463
20746
5002
