5531
11756
9120
12208
20149
16491
20909
9188
21725
7311
14551
24585
20992
26341
14231
18261
5302
12861
8523
13862
7787
24508
5669
25034
20340
6798
8047
23899
28797
20662
12186
7508
16066
7462
19284
10614
21707
15880
12426
19703
28576
28140
10143
27960
12409
10747
16191
12415
19461
13908
13306
10205
5670
21177
7590
11001
14316
20903
7445
26650
6251
27839
19647
9298
14780
16719
8714
7693
28454
19244
17273
16725
9404
12797
27531
15976
17323
6348
17751
28627
24101
24022
25305
24460
29758
24704
6134
17737
8079
12060
18958
7673
13577
17144
26341
22327
14751
18884
19572
15099
28449
21325
5048
23779
25231
27983
18336
5412
18014
5136
25178
18412
14310
21753
7809
22767
12087
18971
18119
29249
6906
20615
17433
15084
28101
29894
7941
26451
5800
23172
27786
6688
11268
13814
26917
13261
26589
9479
10810
5409
9497
20601
28162
22050
14378
25713
8479
20827
20632
29499
17462
11574
29125
7938
19263
7949
10400
15175
18587
24890
19829
24487
10837
13565
27448
25472
11867
16724
15694
21370
11383
16085
27704
24089
26141
6989
10755
11654
23363
28500
13123
16695
26168
12019
8025
9733
10078
28872
29854
26420
5028
16924
21865
20461
15599
19060
21556
15536
25263
24701
29757
29413
22370
29163
19434
14642
26117
26886
14598
5653
19368
26869
13420
10424
9444
20683
9436
24866
19907
19403
19212
15830
20380
7289
27706
18684
16146
13163
12952
5665
8017
15570
24503
28366
16027
7967
8358
8896
19397
5808
26549
24067
26008
11902
27860
21847
17097
13963
26914
29397
18455
29818
29115
29692
13094
17238
26539
8812
24578
16103
7856
27775
18251
6833
5983
10692
8220
21384
10711
10446
29321
24220
8682
13963
16133
20502
16408
28861
10125
11350
20593
13750
22877
6712
12261
20279
9585
13651
23878
26966
9510
29550
16652
10522
27866
6019
17508
14384
26165
6097
16690
7435
10954
18394
5261
19013
14141
23200
24893
23733
21032
22814
7651
15097
22636
23391
28810
16742
11521
18036
20892
6005
20447
23422
17229
20711
27388
28895
24270
10978
7362
7538
20588
27951
25884
18616
21897
11079
12605
13225
9479
16512
29506
19184
10499
21807
15150
23877
23372
12837
8615
16720
13979
9077
22801
5086
10797
27388
19864
25476
24696
26977
26728
18354
22929
5199
8379
25439
24166
21992
11614
6458
8336
26125
23771
19749
12039
10324
12310
21156
25015
23895
17012
11911
13711
20267
23101
18678
16662
21066
20470
16682
13662
26326
20420
18225
14883
11275
25894
15161
17548
13179
27238
5494
28535
5709
9641
26073
25275
23482
6739
18692
20403
18117
14609
8867
9720
19890
10680
14657
19593
18542
21944
16670
5124
18221
20291
6157
21206
26473
15857
11096
5125
22689
14782
28256
26499
20288
5776
12170
20543
13262
12463
18016
25264
17008
19876
28698
28824
12576
15411
8506
19275
28513
5085
10476
28481
17922
7684
26412
25251
19757
21945
23541
16767
18219
18724
21652
21998
10638
24199
10323
17394
19593
29895
7719
19991
10699
16106
7973
12561
19247
13105
21231
8716
16206
22420
6272
29463
20410
21727
10747
15877
28090
28220
12746
10506
7428
16990
9705
10461
29963
8278
20307
28142
29916
16322
13261
5175
26900
15240
19555
15536
17420
14863
27065
29122
29561
23225
19869
18909
6678
5204
27914
23766
11491
14352
9996
9335
10936
16260
27388
28539
17597
9180
13287
15233
17968
14228
22389
24269
13856
25872
8276
22690
13513
7928
26030
8388
23649
29804
16962
13255
19290
17718
29495
13300
29983
28662
26245
15391
5559
5722
19284
8782
19589
25262
11687
9277
13723
5490
29951
27928
11942
26499
29876
19061
13968
21850
17342
21124
11535
16353
7421
24003
22573
17817
22554
17387
18543
25691
6605
16323
15744
29257
8059
23189
26323
11222
7266
28634
28480
23124
25542
29701
23887
19396
20570
16307
23846
13126
27026
14472
29980
16442
14105
25513
14109
17465
12033
16733
5683
12547
26830
14636
8181
19338
5852
23888
6231
19309
13953
10625
22479
15273
6589
14500
16146
7906
29675
9687
6912
18402
19467
20601
11766
17885
19003
27581
11128
28591
26326
24387
21513
12092
21221
22194
28348
12545
29229
23683
5335
27582
5525
26450
25778
27045
7382
28831
16824
20578
23770
9247
7655
17145
27277
6736
18701
19574
14349
5455
7866
16251
11623
7580
18242
5474
16388
13441
24331
13066
22818
17371
17701
7308
6113
14311
17006
27121
9571
19158
21737
7032
19008
15798
16310
9893
22988
18267
29790
13841
8366
20203
11358
5836
25166
23183
16926
28311
22637
8129
10781
16971
14393
19723
5158
27128
28650
28347
25844
13500
8418
17413
19995
21672
20083
14047
15918
17099
15399
27154
22402
6799
9323
20183
5001
11241
23144
8604
28337
16372
23277
19265
7182
10419
6330
22674
16768
24078
18759
9040
27177
12382
11189
21914
20376
25220
24553
18987
6483
22297
15899
7927
23199
7619
12372
27175
9974
20971
13315
8801
23200
19999
26769
14037
16298
27457
23625
10610
29586
23483
17790
17962
15231
11278
6092
18528
12566
12898
5635
15019
20312
14233
8883
25923
8330
9874
14451
6030
20868
13336
29629
13394
27524
11287
12501
15548
10127
22533
18931
22025
27296
12264
15768
13304
24802
13728
21733
26323
6423
13688
7419
12763
6472
22777
12194
26980
5825
10829
19478
26226
10821
26696
25219
13728
29369
15181
18392
9074
9066
6457
13598
6802
6237
22611
18883
12908
17040
11173
22037
12995
18451
6726
20931
11129
23109
21316
14445
7562
24544
21349
21426
26790
28499
25027
26791
11972
19329
16450
26855
26901
27301
28534
6374
9249
7545
14349
9436
21410
8357
22700
18659
26338
19116
9162
16918
24777
18171
6935
27956
6018
19873
22869
7262
20609
16520
8758
22100
23104
24167
5785
18108
27827
21002
15845
24296
19889
29768
21795
25577
29431
13948
29037
23670
21005
15238
7559
12816
25249
11464
19451
10025
16758
21148
28464
11953
6425
23556
16735
26277
26898
17319
25909
23583
28529
18741
21328
5541
10743
28656
15217
23299
15836
17708
7569
16632
7958
14195
6196
13414
23331
23165
12129
13293
21279
28312
28407
10640
19450
14359
9083
8109
15436
19732
12978
28991
29130
29459
7795
12626
7240
19381
6307
23776
21723
7554
21810
29871
10298
28129
26072
24876
18175
7119
22633
27037
14416
21965
12251
6251
8054
28151
21180
9917
28709
15241
23291
6470
18400
27648
19767
25737
6068
17811
16133
11411
10720
8106
11553
24381
27981
24015
22967
13376
24275
6552
8288
15543
23203
17148
6781
17501
29878
20262
26582
26925
27689
10374
25417
10029
19700
17473
5179
17409
13813
20949
8050
24837
10479
24554
29405
21365
11997
8896
22450
27468
20627
24658
13212
16408
7671
11681
28055
21079
10755
6893
25507
14008
20811
7890
13020
21626
19066
11313
8715
9687
14533
17332
18962
10288
11171
26629
27261
9570
21588
8701
9185
24850
18441
10968
14685
10133
11431
17814
28449
28337
22685
26098
19351
18760
13545
23728
18801
23313
13965
24982
6473
25643
15514
18507
10185
17328
23451
11980
19280
11205
22518
16907
29233
26465
6104
17865
10503
15239
5461
6690
19702
15311
24716
8295
18387
15198
9245
27964
23934
27729
28607
6135
7985
27860
12006
19339
15914
19050
17532
21180
5281
6934
27013
24740
12038
18495
20359
15557
23317
25071
29890
29045
28562
5533
10593
15785
12601
17200
28549
18414
22694
20283
14220
15645
19392
11602
10756
27663
23366
19961
29871
10061
12731
14675
5232
19354
15120
24849
26482
9532
15755
13667
27783
15218
13157
27572
26353
22110
9576
16065
13157
27713
25900
26367
18178
17296
5608
17415
25852
8403
9929
5594
10753
9780
29347
12935
26902
13721
21158
16691
13648
6767
12214
9853
21066
22539
28805
28147
5668
14787
15086
21989
29084
23634
29932
6285
12368
26768
18411
23691
19728
11519
10223
11155
23493
27999
8506
10820
29249
11601
27999
18386
12419
5117
23037
22629
6870
16104
17379
16756
28147
25438
19152
24584
16688
9699
26324
8492
10208
20424
23835
27878
27206
28475
19799
17182
17854
19365
15798
28876
25846
23565
9566
9361
19368
11041
11799
11352
22399
24620
20201
5458
20368
9392
7492
29825
12307
8817
19241
9671
29574
23013
19981
29372
26868
6743
13324
29910
26388
28931
14741
8463
15350
24120
11727
23626
29699
23230
27419
12694
18436
14100
21821
20887
24936
13430
18089
12106
18787
13744
13353
25430
16697
25475
12747
7499
9029
17589
27636
24645
7009
9488
7217
11464
20764
27788
5126
12431
6055
8140
27043
10286
10813
23922
24394
26724
11302
13915
27373
6925
25424
27920
28646
13613
22690
10273
11014
12618
13772
20723
20584
11189
10631
13300
10463
18750
29136
24338
20225
17969
20758
18991
29740
5039
23019
10780
29099
20639
14381
17663
9664
19894
29255
6454
27404
8078
9901
19024
25214
27794
27540
24201
16549
16751
12162
24865
10594
16998
20590
19997
18613
20954
16398
5233
8149
21256
10138
7417
8347
18623
16546
19528
7434
25260
12388
22129
26323
16656
28558
7019
5714
13976
6110
20274
22629
9511
15244
5002
5219
27014
8602
18870
22696
26578
10831
24061
18083
16320
27892
23974
15432
11135
19419
5475
21815
11297
28517
17779
15751
7927
22113
14814
18012
17064
20727
12923
24055
5075
5260
27670
15469
25013
22252
16761
23247
28895
13130
29442
16262
5052
10947
6169
6472
17352
16937
27562
14850
13566
23380
6980
5205
22435
5228
13936
10493
7546
15998
19314
13875
9046
29793
7174
11405
22814
15890
5189
6075
27660
16257
21776
11265
27197
12745
24390
23469
25089
23057
18424
17670
26069
8015
14628
5237
17150
29119
22795
27376
25040
16457
10390
15903
20382
29367
8601
24308
5511
6024
11386
29631
13608
17450
26155
24006
26734
29020
29179
22398
15769
18610
20232
15984
24567
21827
18338
24582
22918
11792
18903
6018
18195
6112
16430
23086
22442
25933
6073
19257
29258
7360
29152
12899
28829
7949
11052
12334
10154
17393
22430
11673
16839
12532
25421
14479
12725
21068
5069
11772
18717
7071
10511
25598
14505
11318
14292
17317
26404
27895
23709
22893
14221
24069
12643
27603
13812
15130
23180
18142
22087
27682
14472
28508
19535
10144
15936
23525
25098
14662
22127
16905
29098
22602
14022
26271
11667
29369
21845
24952
14039
21938
19599
19637
14032
20792
20204
25332
15166
27146
18353
12554
27423
18044
25015
18415
21834
17032
6148
14695
11449
15963
11286
27331
5465
16433
25276
16200
22531
12146
14202
28745
9176
22173
27833
8101
11326
19168
10624
5062
24327
20418
6700
17411
27948
11218
19763
7377
21625
11415
10016
9283
23967
22693
29026
8556
19852
28182
28950
6731
22121
6862
17303
27461
25950
29109
17666
25678
15294
12139
11024
14987
27725
19657
6537
5669
25846
13481
10338
9009
22346
23905
12659
27084
21353
12474
13812
10831
5103
12721
18224
5452
21909
14117
29358
16918
16769
29085
8094
24160
27069
11831
27257
8843
8186
14743
18924
20676
9238
6140
8610
25735
28687
23033
7359
26721
21734
29625
22784
6996
13934
12548
28585
14169
13875
28649
23401
21615
28396
10678
9572
6800
6009
18575
11862
6703
27857
15415
19924
14975
27104
7916
29498
23238
21769
28324
18401
11391
18772
17578
16621
14055
24252
20900
12276
27338
25776
8653
24588
5839
11407
21530
19804
15548
7431
28045
23545
19696
20148
21758
16649
18327
11307
19653
26838
13910
7621
20628
26941
11660
5139
29522
9199
6759
29086
14267
29553
7910
19597
17603
24374
18606
16515
21224
29440
19338
5778
18056
15768
10034
25070
28316
26932
15936
8416
11124
18813
23123
25946
29766
10909
24032
23509
13285
15266
9665
23741
19713
12143
21735
28048
17277
18512
18693
17028
6950
20872
13815
7883
28574
10342
11381
27139
7063
7084
15959
12227
26687
27042
25543
24381
26333
16638
21988
17915
19011
28352
25852
11460
16060
18465
6848
29741
19627
16144
20609
6431
19254
5590
7753
11196
22854
22138
19213
14150
26918
26837
28929
7709
5197
24538
10975
6068
18386
18364
17690
10301
22607
15189
19251
20908
12019
25075
9581
11208
15484
11640
9574
5440
16685
25442
12759
19596
28567
13026
21133
21883
27001
14820
28825
11601
27478
22529
23652
24828
19573
27891
9659
26260
27169
21624
25031
25199
25255
18496
28420
7632
8626
20002
26509
7915
5262
24483
26334
24487
16333
18433
18318
28049
28745
5410
14402
27572
5866
9460
9737
27102
16655
7470
26472
17122
21889
15951
12235
22051
27968
12165
27811
26007
7912
13494
16420
29265
5426
22690
7838
16617
27078
25275
13095
26119
25864
29807
27353
5127
12648
17606
25509
25874
26087
9192
18509
13536
21788
23577
29427
11400
7049
7097
11024
14311
19762
20133
9475
14468
18210
18258
22838
15785
6692
18721
25802
24000
16865
14873
23305
18320
19241
21785
26529
26379
17741
15385
16081
14868
5504
13866
12262
15893
15346
13666
21552
11173
27891
21375
27029
7430
28332
11893
5194
20235
29248
21495
26217
9679
25815
8187
22165
9116
27193
23355
16076
16889
27590
28308
19761
17586
9468
17988
9930
6618
28949
12978
14190
8224
14396
14765
19027
22097
18425
16780
13591
9646
11869
22029
7106
16571
5451
6579
5366
10051
18852
15166
12433
7881
25026
26638
15524
9639
13326
24090
16329
10185
5900
11507
12894
13062
26793
7264
21600
13791
10595
21153
9817
20241
11971
17122
17478
13064
8130
25520
25739
27448
8618
16076
24786
27731
7875
18126
26331
19785
7721
15602
12579
6809
8060
12929
18915
10691
12418
15537
18473
11781
17286
24499
10818
9839
19464
15275
17033
13582
22192
9335
17751
29760
18544
29553
27649
28387
24818
12670
18905
14948
11005
27368
19989
23695
17705
13300
15287
20431
10260
23470
18641
16281
7396
21661
24348
8789
10675
22703
26639
26539
10269
28299
16534
15163
26068
11033
20965
21697
9945
6156
23784
16510
15663
5952
27330
24489
22148
24907
23419
13129
27619
9531
21943
29153
10822
24165
14588
9891
14595
29019
20551
6707
6065
15238
27395
11871
25856
9724
11116
10009
29745
9650
14645
11304
14140
23033
7266
22304
16276
19592
13428
8814
6537
26944
8444
20404
21003
10002
15823
17400
23088
20619
10744
5217
17314
25798
14293
5831
23003
17492
18113
8338
27472
26831
12507
9862
8520
26900
27058
17452
17143
12652
11286
17947
10065
16667
13168
18870
29710
16732
15557
16568
23681
24052
24584
10795
29975
24034
8798
17334
26486
7447
17961
23873
11468
23115
21382
22451
25123
20567
6544
27885
19055
25588
9235
10767
20483
12992
15805
13080
26776
27098
22897
7615
26952
14456
8140
10831
21725
14216
21404
8297
28278
7556
13753
25774
28363
20552
20976
16104
21655
13617
28895
12002
27613
7346
19142
18541
11095
12660
5212
22172
25109
7589
12995
14075
13815
17316
14365
21926
8411
17527
28089
10578
9980
27448
6240
18061
11950
23014
13558
13365
16319
18825
12931
19487
6804
14684
29669
16355
29811
21552
17624
24455
24245
11594
16658
18114
10140
20690
23921
29640
19478
13078
13555
22183
17082
7423
24296
29374
5859
16252
14514
6794
9625
15570
23023
16311
23533
19475
15009
6723
11810
29798
5345
20678
20758
6523
6284
14525
24758
15426
26108
8091
28769
17709
18092
26612
8376
5018
17352
6221
8365
28863
20161
18213
17392
13429
8385
11918
25978
28299
6316
27269
14455
13893
17750
19996
15000
5096
18710
15704
14818
11213
11633
14524
13542
9088
13558
13583
23412
19474
20751
19023
12140
20849
16190
12107
24885
28483
12053
17499
6548
19170
17888
17309
14581
7457
22025
5673
12081
5412
6599
22148
16029
13261
18016
29854
29688
21459
8257
18237
11617
20859
19537
8538
24966
15409
12434
17752
15626
17914
13139
28226
6338
29656
18170
26184
20982
13955
28210
10921
26052
10566
25564
5545
12685
9295
23672
29632
11987
14677
10925
6939
20202
28370
5593
29309
12522
7479
17862
29411
7208
19548
5500
18954
7537
25721
26007
27007
28914
20707
6079
29910
27626
21417
13464
6078
24276
27070
27331
16144
8623
24728
11846
27668
14157
14059
7681
8781
10374
11435
22603
7447
8438
16827
5967
20162
6552
18094
7982
15162
19701
18725
24192
28774
26171
18923
16907
19531
16812
28503
25883
24934
14102
25162
17534
17560
21518
15657
28871
13689
15693
29858
18688
25181
21371
15017
6247
8230
10623
13659
14704
20592
14955
20281
24419
28112
24741
21845
16120
9184
22823
5376
8287
16790
20727
12826
23599
17892
15481
13584
6027
14872
24068
17129
5886
13758
8334
19234
8613
17586
29026
8361
26343
8906
24769
28031
10001
13875
12705
29094
20892
11999
24266
16711
10252
25864
9213
14218
24676
10404
19302
14657
6483
21887
29506
20409
12263
23077
5629
12982
22043
19550
25271
8482
19434
24352
14539
29959
24373
8554
17696
19180
9989
9828
15902
24964
6187
28211
25340
23628
25852
23413
20224
25646
6668
11896
26367
17542
19592
19895
21265
23562
14604
27414
17914
24222
18131
11041
14149
7438
22123
11217
15161
11442
10553
11552
23712
15030
22741
13889
6551
28018
19378
18509
18486
8689
26876
23544
16621
18451
28239
5772
12659
29739
27167
27797
27338
29030
21005
19256
16144
27969
17228
26174
29022
19404
12138
10770
24665
20163
10898
20429
24726
25937
29365
7285
6453
10670
14549
22528
23495
23505
9693
17978
28719
18998
12841
29351
22807
11542
26511
7788
12906
12894
27308
25615
9037
18860
13725
7453
13621
12678
12114
13338
11874
9792
27065
16628
21695
20947
14616
22303
20610
21842
8962
13367
16857
29458
25320
17900
19704
8415
25061
28283
26936
11760
6157
20209
22283
12276
27011
27891
27053
16840
23879
7076
20893
11763
23693
14928
13871
9421
12304
25785
7252
16517
5071
8932
6297
18089
20233
7359
19657
11257
16094
22153
5340
16058
11845
25330
17249
23013
19531
20577
29033
15256
13362
23341
5349
16301
6760
6169
7729
12229
28307
10763
7118
9463
25197
16525
22715
16209
15550
24200
5789
25112
5814
22622
6472
12933
17239
17671
10753
20022
11780
17223
23978
5475
5624
24448
20135
9978
25514
28366
11280
17576
21341
12162
8364
22664
27694
25959
28257
29243
18548
18398
12802
6848
23798
27570
9064
24351
8860
17714
28902
12049
15720
29813
19065
11788
8072
19248
9274
14665
25064
25943
16641
19929
6979
25838
6446
22944
15067
24669
19009
27473
12808
14832
11217
28788
26077
27358
20305
21936
25285
25905
18647
14520
12502
5625
28327
27523
22746
22910
6627
16690
10164
19885
29989
19173
14787
12285
6532
15155
6774
24341
17834
23069
27306
20366
10166
23579
6700
19452
21835
18323
23595
13865
26393
29037
13445
10096
29252
15424
11975
9258
14042
25802
6144
6255
10613
14721
17186
27827
9541
27458
15937
16300
20042
27221
17815
14179
21398
10153
25383
24674
8049
28489
20677
24277
26936
12366
6267
23367
25959
26855
23593
20988
29758
9967
22630
25824
16616
7603
24604
12003
19444
8748
24504
22161
12165
18685
8610
20947
21378
6106
21329
16925
24044
16004
29637
15849
6363
11201
8208
16113
24575
14595
25780
25535
20590
8070
10958
13022
5089
20147
28751
9318
19762
23295
10967
22886
18282
17914
18678
6212
8622
15091
24585
23104
10000
15686
5604
22480
13449
5171
9178
16638
25225
22250
12431
25848
17788
10727
8192
23261
12821
19550
27945
28317
20458
24972
24449
5011
7993
7786
8641
5495
23389
19302
8398
23950
14433
8453
7076
20477
13987
21014
29974
14218
26659
29911
15927
8511
11134
27712
8199
22243
15112
13810
6322
5012
10787
13216
18336
29977
17541
19154
26603
13554
23815
20830
5324
26379
11195
10512
16255
8212
23626
26602
25621
6479
14794
22896
6730
22157
15628
7343
27775
7318
21395
8327
10314
24374
16911
16611
12690
24131
14041
15989
24656
7957
5913
14622
28761
8937
28376
15050
23750
29737
5447
9707
11068
25819
7874
24362
12675
8581
14243
15506
25004
16346
28988
15566
10408
13241
24121
16089
10766
5529
15330
12097
11554
12535
27421
20674
21209
14505
8783
26651
23514
12820
17450
5739
10516
13984
7148
8473
11786
5161
28719
27558
20441
5971
8197
29504
16504
14217
11957
21818
20220
17075
17614
8767
12892
19429
26654
20454
11339
10456
24595
24039
14514
19870
7264
27889
19767
10253
25231
17371
9568
13124
28323
20329
15012
26292
18804
8108
22491
29865
13995
29380
22165
11478
13737
22682
6165
5427
6132
11859
5956
17588
12520
5546
17735
7862
11966
8992
27036
10208
11523
21834
7011
14329
17854
9684
15675
23933
19507
23086
28082
27350
26581
29126
27882
7041
15807
24286
16819
15662
29446
12315
9191
10875
29655
26019
20084
24956
12742
22624
21398
26346
9346
29063
16058
7346
10228
29801
20559
27084
23990
8008
23817
12419
15986
8836
22122
11556
22899
14928
29492
20435
21638
17988
21666
22989
25655
13640
22597
25827
16878
5432
27144
25460
9227
16134
25717
15258
17467
22802
24540
13898
29931
11330
15038
11415
7544
10082
25040
24765
26668
21665
5612
22389
28929
21639
19145
22117
20238
22468
26242
10789
25937
21958
11020
15613
8525
11618
20257
27091
23675
26059
12486
29134
18186
5728
28122
8968
13062
21870
7240
6115
16884
22913
20102
10985
14258
16952
29172
26810
27282
15499
27384
17509
5742
22950
29032
10659
13265
20987
29833
10715
21030
11037
28943
26301
9138
17153
14211
24922
19617
23575
12820
19999
16959
19822
15176
7241
14332
8348
23627
5719
24870
18716
6331
5940
24236
18656
23002
26238
23903
16319
10219
22614
26922
5143
18654
10886
28474
16794
6463
9066
11973
9842
9941
7001
12449
18361
25841
17278
16880
19702
26379
28447
10270
12852
28027
29440
19798
9122
9389
28552
14802
15737
12957
20158
5894
23462
21128
5577
10590
16113
19979
15006
10707
13558
21011
19801
28346
21603
24364
13508
8464
13589
12358
6415
22399
6221
21645
12297
10798
21651
19766
20138
24686
13933
6327
14889
17575
14711
23672
15534
10503
9509
8036
16543
21420
14792
19995
14374
24569
17920
28441
25764
14982
21147
28920
29851
24791
27170
22828
26622
25527
23386
11732
8050
13865
7290
13702
5248
23708
22343
8089
21335
12195
28726
26754
9975
17070
17868
18587
17193
20105
9649
5498
23084
15060
8882
7118
23515
20641
16731
15255
22219
24000
10956
17190
16670
6175
24066
12936
8500
20753
15854
5255
12672
24109
5429
22682
21901
12148
12770
13677
24638
6282
5788
10371
11401
20503
27800
16795
26759
14265
8719
13084
26614
9905
5125
24214
16798
8531
6745
12849
25020
26120
6639
6157
25014
9378
27696
13812
21933
13162
21199
15141
11149
15869
18634
24352
16504
6976
8882
27969
17843
15406
25040
10629
11084
25860
29999
20580
29401
19046
25813
7854
25696
10826
25112
24865
26373
18035
9523
5023
21078
28095
21641
29766
27603
16905
11481
21986
20410
15141
28126
24461
16423
14670
16038
14928
9836
6251
29151
28480
18029
12268
9455
23409
15684
12662
26350
10430
19815
20576
21629
27843
25483
20738
26040
26626
8198
16777
12514
17992
23785
24975
27520
18920
6529
16456
6459
5384
11441
9135
15616
23369
27739
26888
11370
17985
12107
15634
8971
21032
28883
15451
21710
17634
19988
27249
9632
15125
13733
8474
9821
14743
28548
28659
29355
20452
23621
12342
15580
10735
18642
20889
19401
29523
28453
15514
21122
18998
12288
26143
5248
13930
8646
22508
12941
20816
13224
20721
28245
18952
29354
23487
24877
13252
13840
7257
24570
16334
15134
13274
20810
21835
25584
19729
17560
26297
21565
17996
24150
19781
23419
26921
7007
29975
27779
17731
27842
19898
13459
28284
26482
16026
9699
5697
26450
23985
17262
6331
25328
16741
7710
19491
23426
12269
7304
12579
22817
20788
12925
8820
14180
20375
14396
6366
19421
21379
19254
25701
22166
5009
10401
20464
8353
14950
8529
21467
6050
13918
8236
17733
13402
29747
28122
23884
14781
6116
18347
27463
7488
12387
20807
24043
16504
13932
22125
18711
18548
26614
13499
18009
10949
21189
27235
25616
18547
28105
18133
22374
14147
27441
16987
16733
7325
8881
7736
18125
27930
13345
5065
15533
14812
8968
7016
5402
11836
9696
25872
15256
7782
23423
21327
5672
21543
10850
7816
11758
15643
22407
12534
25153
25039
24636
14306
15729
6304
11679
22100
17842
20301
12730
5165
29513
18687
16141
25316
14682
26526
20765
21106
18692
29100
12935
26844
16191
10260
17353
29613
25129
19427
17940
16533
10322
18817
20140
25705
22139
29412
24843
18480
5661
5317
27681
17187
10083
23034
16771
24152
10432
25646
18241
22622
23778
28645
26969
17623
6945
27897
10473
27840
22957
22706
8750
23848
27084
26622
7920
8747
26560
27736
22398
28926
22530
27057
10498
5085
7040
6326
13725
6673
8763
25786
18203
25798
14980
19927
11106
16911
23565
20813
19768
23788
12116
29108
14896
28162
21785
18676
26879
13900
26317
12950
24499
13988
10223
11741
7418
21209
17296
7898
16813
8182
22234
17827
12316
9357
10480
21829
14123
27983
12175
20582
12810
24800
28725
13147
15717
14288
11020
28881
29085
19957
16816
10605
11165
24986
8747
25264
15430
27286
27246
21270
28563
8823
6120
16683
19752
16224
26697
7825
12766
27695
5826
5288
19672
14627
16770
12869
20635
16556
28041
7552
9661
29355
17021
12562
9897
11759
27629
7132
17013
28848
10978
10239
16361
23128
17041
7897
14655
29407
28960
11960
25347
21365
6198
29037
28984
12092
25521
16639
8851
20269
6670
10582
10428
27816
17496
13176
24912
18003
18998
9203
24019
17179
10860
18841
18246
22289
20047
7409
20949
14013
20905
9125
12248
9544
6619
25090
28040
7669
18534
25430
12457
5319
25977
25443
26134
6822
8272
27375
25725
26216
25446
21978
28368
25108
18136
7120
21382
22870
8780
15651
22220
16803
17125
15605
26888
17801
16182
12096
5058
6350
10224
22212
17496
22542
16582
8896
7685
19228
12392
27735
26514
26244
23423
11070
10563
13530
28120
28390
15701
19156
29263
24408
12864
10196
24390
19270
6904
13900
23530
7634
14850
29538
11054
21170
20327
15298
9849
6193
28620
24824
24190
26498
28100
5754
29938
23559
23334
21427
25654
20729
24840
23880
25188
5951
21628
9818
17159
27186
6382
27777
29170
22743
11581
24976
9855
19457
15800
23125
23538
13856
8621
15211
24037
29566
19689
23020
10938
22280
23500
24048
6602
17798
20866
5636
28440
22617
24160
13133
23368
14494
12444
12323
24222
20312
24099
11380
28775
17963
11538
7691
18166
23156
23137
14958
12768
25177
5019
11295
29360
12886
23147
27944
28241
19671
5992
18918
7398
14851
27565
17514
18440
15696
8691
8271
24343
6303
19467
22126
16647
13744
25065
7423
14894
12443
23629
23798
6170
28507
8784
10591
24699
25108
12465
10834
20868
5555
11811
27145
17854
16642
19207
11037
25623
14912
6108
8863
19769
15086
5448
5522
20951
9260
22304
18230
15883
24371
5956
22783
29525
11882
26304
6808
24510
5191
12278
12651
12759
19130
13564
22315
14491
20861
23412
14040
12508
20986
10547
24478
28644
19331
28474
13891
18984
27378
14356
5404
19462
28070
16735
14587
14012
5099
10648
6981
21758
22536
9171
6058
20367
26019
10487
24909
18247
6727
21006
28417
23800
21124
27361
20395
7331
26569
22435
13081
17210
23586
24368
9590
20641
12669
9157
21580
27176
24555
20211
21372
11892
25854
7428
16604
12306
27757
7884
22952
26293
15863
22863
5114
20756
7989
11288
27874
6050
5076
25382
26561
21875
23995
10649
9560
26003
24018
15225
24431
27997
11280
21118
26220
8301
27381
21424
19715
7226
13807
7386
23826
10060
5056
15059
13200
29648
14758
6727
23713
9875
17781
17400
10535
10881
25113
6321
9034
28234
14552
27308
5769
14927
22516
25114
27442
21371
23627
7934
29890
7713
20373
26253
20433
14702
6807
11552
10657
6632
20325
24232
21254
13507
22865
29621
6070
12245
26044
25464
19817
14867
29271
12644
16019
22502
23389
13080
23130
27332
16555
14239
16948
15587
29209
6427
18420
14444
23692
14106
25564
21866
27159
26861
15850
5870
11797
16952
18429
14666
13021
6181
26621
21852
8107
13954
7576
19953
13916
7119
15746
10453
10992
24971
20687
21748
14740
26378
12712
9646
23253
23709
13943
7844
19500
22387
29127
20132
10137
16799
10489
24875
29589
19794
23450
28480
13770
16346
13625
27343
8155
27865
23148
9855
15147
21777
29087
29726
22843
5161
7591
18443
24607
7727
5779
22604
16823
25607
25261
5082
21340
26340
6526
10651
20172
9346
20698
17451
11170
16925
24850
18249
5647
13290
9004
8256
19019
19086
20715
21210
10425
12780
29574
17126
12677
13752
8631
16492
9389
7491
10183
5205
5164
28368
26256
20009
15031
19255
16293
19294
25334
27453
17251
10467
17285
23750
10147
25858
15846
29104
20910
28436
18137
16821
13988
8965
13511
17801
13124
22023
5816
11422
14302
28462
15927
7365
28632
25296
26943
25387
16460
18304
11388
25086
26179
17223
29912
24057
27596
5219
20993
24543
7992
9733
25943
8248
6414
25193
10838
5657
9861
21089
12957
23371
7071
21402
15500
20441
29744
28103
17910
5400
18219
29135
5256
8046
15423
20340
12186
18718
5377
12398
21140
15783
8611
29584
15326
8873
26020
28150
9506
25451
27126
27135
26762
11095
24717
29822
28787
17457
13213
21998
8794
19539
16052
15852
6601
12545
13033
9288
11926
12482
15244
23780
23863
8817
18473
15846
14380
10022
22952
27199
12123
29964
27242
14585
17586
15852
26118
5602
18157
10973
19332
27788
28177
23670
16249
14508
6511
12980
14842
28269
17188
5586
24004
24262
22216
6806
16134
13970
19370
17533
26847
20191
17370
19449
17595
26745
22877
7393
24713
27324
18384
25127
6502
10465
22968
13047
11872
28983
16681
27973
9710
6052
5081
19266
23308
9020
21404
10910
5942
28509
21545
15101
15085
23215
22015
17175
14292
28897
22502
17265
23029
23806
28652
23877
28543
27413
5589
14621
23105
12778
6209
6621
13394
26027
11361
5535
21355
6943
16780
8730
12934
9921
24948
18745
22157
19863
28493
15378
29044
16302
16808
21835
18755
13495
17253
19344
20688
18473
15421
10981
5346
18840
22785
15613
9550
8937
27128
11551
25904
8780
24271
19533
21114
9714
11123
29909
23859
20853
7165
28793
6953
11392
18909
14247
6714
21758
5330
5249
27430
10793
23975
7982
15631
22542
22427
13574
17051
17952
29551
19562
27052
17542
17784
11542
19953
8545
26896
16584
6654
25138
27387
5359
25977
7004
20433
19466
29045
27505
24461
26725
19273
27728
20942
10707
26979
6698
13276
9732
8104
10142
24761
5012
14168
6171
5660
6494
6805
26823
5155
17491
5151
12614
16892
8464
20193
13947
18544
29368
14541
11728
13769
21188
24660
6852
27430
28830
20675
9538
25925
29803
22855
10664
7612
10087
6544
13100
7961
27425
15808
15340
7968
29275
10945
28782
28001
9138
16660
26733
26187
14923
28163
19233
25516
15130
28613
29316
5927
28307
6498
19896
14458
24275
21551
29017
21826
8016
10980
14933
12844
28411
21420
19605
9467
5911
8276
25092
15802
10164
26592
20831
29376
20005
27568
5953
15787
15352
21001
9278
22903
27211
20285
22479
9845
14035
23328
25075
23492
28988
24051
7965
29180
25040
7837
26305
28279
9557
27000
17384
27524
12133
22790
10437
15312
24978
9433
8423
8086
12689
18810
12958
10216
12720
18520
29558
16976
11602
25568
14920
22233
9446
11641
21944
8017
9084
21166
21289
5579
18299
5635
19879
23413
6563
22434
12777
15039
24160
19926
13649
12500
13303
26166
15106
11375
29763
8913
6857
20345
24598
28606
18521
14057
16325
18465
9556
25328
7420
21072
23269
10650
5844
24871
25281
22948
8562
14479
14674
13327
16153
10164
20852
20487
9493
22525
23868
12722
9346
9002
28816
16219
15716
7819
8452
5630
14624
29328
18127
23657
11519
12430
28328
28804
18834
13960
21408
26390
14574
26028
12243
7270
12330
5305
28344
26460
14384
8037
6230
11769
29569
8107
25169
24882
5493
20176
5097
16621
18622
17774
10404
6971
25603
18831
26269
13356
10994
8640
22951
16941
24756
20473
7246
5141
18226
24487
7817
26008
13085
8915
12581
28115
9878
20783
16457
8312
24418
25165
22365
26189
5653
13657
25762
13749
11284
29659
27301
11574
28931
8755
24139
15620
24571
20259
25833
7766
10629
13637
20964
15758
9028
16606
28375
27793
20852
28361
11545
21098
26438
10390
27131
5347
14300
7451
8238
14930
6219
17908
6154
6195
6660
14614
15807
16650
11218
22632
29340
12848
5363
25867
12309
8548
22956
10910
9974
24891
17149
24742
29408
26711
21253
8152
27965
28046
22501
9249
16459
12684
22765
24770
9788
8042
8950
15519
9588
10093
23787
15376
28413
13825
25752
16935
26473
29901
17950
9262
8168
26193
15026
15472
16798
22802
8464
14137
19390
5571
14179
29019
24108
24378
12002
5122
22536
25948
19542
14056
16746
27733
12355
10399
10357
24329
16576
27855
10041
23066
16157
23292
25284
7973
28234
22849
27480
8023
27346
29548
25215
12178
14634
6528
5898
22770
15567
8949
12637
20123
8392
10396
27012
13981
6072
7989
11991
26809
7646
7620
7544
14277
28052
20021
6360
5022
24805
7395
20218
5008
20767
6708
20187
21221
26563
26138
16212
10332
24126
21936
14753
19054
17952
25040
24472
13735
11880
25689
17482
16890
17443
29649
21631
23711
26981
5116
18828
26627
25695
25835
24965
21569
26438
12172
21184
16463
24263
12959
21836
9255
23679
23517
20328
28854
28717
29951
21260
26000
28454
26813
29009
12029
5300
7374
6576
27357
20355
6198
7584
7805
15317
5710
25906
15413
15818
18542
22422
10227
28802
14335
7184
27779
24432
12165
27457
21549
8522
11413
22335
22824
25538
14728
6400
6260
21902
9979
15815
26957
17232
29719
28847
24601
22822
14290
6827
24917
22897
23384
27883
23769
29534
28136
26543
23213
18441
23638
20718
13711
21654
29335
21356
29310
24313
16281
28336
16607
22676
25771
7850
25785
18566
22076
7279
27773
16013
26109
26684
13847
10353
9664
28349
23170
5145
28537
12890
6050
25844
23882
8659
25225
17148
23760
29605
6331
29546
12359
21483
17620
24908
26480
16949
24184
16197
6172
17571
7138
19881
24736
25562
14824
26861
7461
5916
13216
22704
29111
16178
13343
19176
6112
24402
6824
19409
28291
9468
18510
5611
15504
8579
17260
24195
17140
20122
22051
25212
22530
5214
12989
9279
15697
8425
5132
12348
12563
13282
26586
16780
29199
18571
14925
27608
26478
13552
14869
18433
12807
6012
21875
9889
15333
19897
23349
14503
15793
23834
10051
24220
20021
19872
27808
27284
12070
24522
20475
12440
16113
26570
28303
5413
5126
21307
12334
29995
11274
22353
25330
20651
23503
26237
23789
29067
19075
16064
10335
21150
20193
9376
14504
20954
20321
7987
9597
7992
19770
10048
21507
29848
21273
20680
19722
19253
28827
11914
9429
22522
22453
9497
8653
16134
7827
5821
5588
22477
9848
29386
8438
25651
27409
17611
18545
17106
22665
29790
6503
9862
27610
15052
14440
8662
23106
16892
12491
16899
27327
9498
9123
14828
15557
5437
21514
11042
29852
28710
14557
26223
7854
15743
9820
25103
12576
19863
7767
16401
23055
21451
6874
9605
5650
10259
12993
22162
16339
10489
10434
12060
26366
6798
6323
6967
10590
28722
13014
27659
15906
19012
28411
25326
18070
20665
26139
6174
16153
7782
5974
16155
12061
25606
8053
15948
13198
15893
17706
5406
21751
28435
24277
25242
14516
23008
21146
25033
28973
25995
14969
5799
27606
16185
16690
16430
8396
12990
21049
21203
21843
9731
27396
10756
20670
27460
25970
15880
29187
24436
11636
6578
8102
14765
28659
8576
25008
13512
14355
24098
21819
21856
22010
28405
23193
27471
21579
20924
11659
16340
10431
26873
9010
5998
13739
25243
20738
18001
28779
21435
23874
5313
12729
16071
5135
19814
26177
18468
9342
29729
6970
11720
6042
20798
9878
23416
9168
7434
9135
22115
8259
22728
24440
9225
22351
6644
21267
20904
22938
18592
26006
17350
8456
9093
28909
21014
9197
12128
28505
23056
9344
5962
18532
10538
18681
11003
7199
12256
27480
24684
15321
15085
28049
11275
14462
12164
25944
22159
14666
11495
9268
16860
6942
7640
10011
10562
20188
21671
26669
16524
20767
23732
6870
19154
12857
28571
27618
29220
21673
21759
17782
29683
26834
7753
22552
24521
24719
22109
26566
27287
24136
20056
14469
24668
23675
23294
20167
9569
15677
5398
19721
8394
9627
15932
8597
13600
13089
8112
16151
21493
26803
27571
8388
23852
20141
20182
14646
13912
28879
6026
20070
28005
11373
9367
19283
9434
13262
18457
20040
14461
12220
22356
6233
24988
16969
28734
16649
18993
29750
22121
7349
28552
21487
24322
18226
24090
18133
22879
21536
26461
22500
22799
16013
28111
6947
17148
19747
7884
26625
29795
27891
5159
9454
6382
7045
29209
5543
20173
16541
26613
21128
14655
7443
14356
19370
18186
16693
22263
23871
7679
7446
22568
26042
18650
29389
19657
27365
20024
5536
16195
29027
17334
29547
14706
23644
8371
27191
19402
7944
16102
19555
28281
20179
22124
9199
29636
14487
24087
14333
23186
18818
9311
26145
20032
5651
13482
18244
9186
12723
7752
15973
27410
22897
25377
18167
28223
27484
28156
17927
17413
18261
6414
23632
6760
27359
9447
14003
13176
17107
18978
22167
21225
7363
5561
5286
24155
5429
25741
14920
6925
16840
27445
13825
14387
12839
20338
13712
10243
29670
28333
5162
17233
8971
15868
25188
16089
8181
5692
9460
15517
10440
18316
16910
10493
13323
17752
17516
11182
21212
11935
24217
12226
16348
16323
7847
10036
27499
14593
28138
18622
25036
18031
16264
24066
14460
19621
17612
10071
24552
28382
12505
22322
13096
12351
20847
12384
26299
28894
21395
19139
7943
8544
25368
5300
16368
15803
12888
18603
15510
15926
29442
11636
11499
11669
20954
26572
13340
10211
11477
15879
14930
23544
27111
6515
5892
14335
8405
11360
20601
19129
24536
18574
19821
13979
28722
16905
17135
26896
26820
19579
27239
28450
9783
26464
22499
16206
24619
12360
26372
12903
28285
12204
10295
12408
23778
10009
15435
15558
13349
14340
25267
20220
24652
23697
22337
19388
6323
13229
23977
5881
9208
28342
9623
18821
5055
11224
11780
8872
22344
7294
27146
25946
15077
12493
27739
9095
18766
17051
9185
15685
21396
10794
26913
26772
11912
29511
7885
29921
24253
5404
8660
13583
16872
27813
9365
21341
15881
7437
11496
27836
17688
8025
24309
18829
19610
27806
6128
5155
25646
9032
24707
21214
10884
10458
5400
6042
23976
20392
29699
14041
5244
20883
17535
16508
26492
7716
23598
29103
24412
19122
12838
14035
21585
9637
17592
5599
5164
22788
27374
7878
20677
11398
17628
22708
10557
24586
5493
22866
19533
11662
24910
25913
26510
22452
10608
20481
22697
22137
29138
13329
11170
16032
7025
6740
24178
24359
17844
27515
6385
13342
17921
29008
15851
22478
28545
18333
22089
19090
10271
17520
21503
27229
28613
25416
22718
24687
14136
14282
28855
13300
6566
5065
6967
24001
28139
26787
25819
10052
9042
6225
21177
6091
12964
18910
26948
17250
12882
10579
10623
26374
14755
12988
16640
6608
20831
5157
18717
12502
25814
8056
9140
28733
5949
28168
29882
21459
7268
10079
21112
23021
7369
21470
13711
13269
21006
10761
16006
17936
27139
14777
22862
27506
6343
12812
10834
19993
15906
15768
12096
13547
28922
12087
24088
10999
25501
10302
14560
12354
19200
12615
6291
29216
6892
5544
12384
8325
16119
23600
19675
28217
29925
5750
15509
10930
10997
5164
17221
24770
18684
10453
16329
28659
8942
19125
12705
14473
24732
15941
25887
15600
13050
18836
23751
12493
27831
25391
29273
9161
9069
11812
17727
11076
21122
7612
8325
26097
20691
21670
28592
19949
11159
12970
22016
8472
20893
7149
24816
10215
25933
24008
11359
11132
5769
22415
22746
28655
19494
10490
12250
29577
23869
6126
5570
21215
27960
14739
27274
6168
8320
5124
22684
7039
5640
16549
27777
28425
25101
29375
12342
26352
7671
23754
14573
20426
21853
23784
29764
12318
7178
17088
20773
19454
5540
19797
26984
23655
14229
5609
13480
10560
11457
28650
24310
28889
12599
9525
25800
7627
14675
5339
24602
17756
24527
18805
7104
19260
21647
14429
8197
25283
27222
25944
17740
17510
20859
21229
13566
8587
17822
12152
26394
24316
20856
25319
19182
23588
22325
22453
18461
8439
8810
11517
6385
5861
18753
16580
20587
24911
17945
10780
13346
17116
29069
27752
11348
24922
11070
17929
5912
20202
21258
11112
28946
20189
24155
27032
18171
15199
26254
24818
22094
8443
7823
15455
21021
20768
20669
11398
20627
25413
16054
9113
18660
24769
26362
23320
16229
22842
12003
24703
19713
20824
13429
5185
26335
19559
11943
7075
27868
23507
18924
16475
16454
18832
19119
7140
23973
20980
28004
9720
22009
28494
20751
14281
24271
22989
25568
8272
17398
5696
29141
28438
24004
10138
18524
14815
8065
13866
20242
8300
10388
13269
15636
18346
15390
25388
10673
27093
10041
25117
20862
5892
25664
11530
29909
25692
22046
16325
18572
17359
13454
28172
21914
9391
25310
12311
17359
29490
15993
19289
26067
5361
29397
14536
18772
20966
14022
27970
16105
18306
11660
21695
12481
27740
5210
16629
25536
15983
7935
28345
28015
5557
23836
15087
24339
12326
7815
15512
27207
10364
7350
21803
18471
12299
12494
23916
12030
8337
23594
9872
14513
23786
21320
22274
9524
27250
22511
23689
17927
23987
23928
6104
15995
8224
6926
8550
11689
24597
16950
16693
23366
20734
29383
16749
15179
20347
9847
24807
8979
28165
11579
26424
22293
18221
24192
15584
28925
10702
16869
14602
15932
24214
28009
20864
16955
17703
25960
25510
27099
12005
20201
14420
27005
17934
21570
7152
13894
25612
8411
27090
27428
24316
21310
21902
26727
8469
9919
27816
17459
6585
20477
15456
27142
24420
5008
28880
20566
11991
9003
23889
29677
7839
20634
25761
12282
27311
6842
16282
22917
18154
16230
7151
8522
11301
19659
14258
8742
18456
14559
12831
18380
8530
13481
16340
29505
26576
11662
28261
23354
8433
27861
24746
12408
17818
19814
17449
14145
10112
22754
6756
25690
17213
20724
5960
19805
7156
13793
28636
17786
25393
27233
16059
29803
20365
25999
22568
14193
19752
21636
28624
23552
26230
16435
12013
19352
12127
24270
26338
17418
19919
14630
20958
27501
14564
22318
13087
9571
26086
24104
27504
21050
26004
12893
20767
29489
7673
20974
10967
21160
25773
27816
10898
26943
21380
6201
6596
15262
10202
9626
8396
29822
24772
20349
11758
14549
10680
22815
16347
22894
20056
7544
29820
22751
28266
9808
19497
10741
17862
23077
11451
20097
6340
8685
8661
28979
13066
12589
17554
17066
6354
12860
16542
29282
13465
11923
14624
10423
8651
11559
24634
10432
5084
24163
20684
20293
17473
19418
11279
27803
26872
13954
26515
24368
25724
11829
27900
23766
24875
18591
21975
28835
17604
22769
5783
18832
23530
16576
5132
25594
17363
21807
25307
21524
12293
29284
22046
6376
10483
17618
29829
7562
29428
8238
12399
25298
12996
18680
10098
13911
19024
13502
20547
20472
22694
5152
13697
7302
11837
10722
12438
25229
13683
21156
19009
21100
9053
13261
10011
9885
9794
23283
9954
14306
13425
7703
24691
11249
28269
24066
19589
24364
29388
15310
14248
17173
27634
6955
6693
7576
12476
27669
27814
26105
15353
15647
28873
15077
24413
19883
7798
21971
8563
21476
20084
24664
21514
26633
6133
8521
10505
8156
26906
27714
5107
18417
8134
21027
22399
11097
18118
27292
24147
6236
23718
25473
28703
13336
16274
22908
7286
5278
18119
7794
22859
24854
27965
19812
10800
23071
9022
18886
14074
12280
6254
10751
5618
11388
20583
9392
16853
11587
6544
10724
9258
15971
11624
21455
12288
24549
26956
27007
8982
11989
23595
13177
16388
22028
14597
16611
12586
21869
21011
8094
28637
21621
25379
17180
19084
25991
29304
26915
18111
7898
24687
13403
15688
15149
12487
15315
15443
27902
14908
14137
5524
29600
26284
25396
16746
21066
6137
13302
14046
27441
25714
9682
17371
13518
17772
29951
12952
12242
19271
19413
21759
10568
18827
22205
18441
8578
8494
25735
10127
5889
6667
15914
14214
26846
16650
24708
20244
19615
27426
20782
20064
26062
27614
17402
16252
5632
15598
15048
17253
22141
19283
9240
20714
10310
12603
14696
19609
9426
10274
14606
22005
10533
26648
28430
24902
10484
10305
11885
21715
19100
10767
13465
11883
7877
25003
21449
26466
13715
8691
28214
29913
25495
21935
21270
25218
13235
5874
23518
5521
14301
22126
17023
24594
10455
18538
20662
29228
26274
24931
19470
10416
22365
21978
24301
9257
27884
25357
13838
26784
24166
26457
28634
19629
14163
8566
21416
8681
12296
14614
13368
13448
20628
27791
13522
24103
5329
17042
29182
10208
29846
14107
17676
5656
25966
19038
5151
21221
11766
6910
22006
11628
8190
25077
23985
7748
21932
28102
28361
23805
28113
18643
21620
20207
13899
21399
16908
6618
6885
14072
13099
13335
22409
7578
17869
23744
25847
5148
19060
28956
13074
26828
15253
11818
24916
23927
24412
14517
8746
17351
19866
29537
17663
25375
19750
12195
22817
14443
26064
26222
23111
22458
8913
23601
29687
22920
13683
9992
18610
8700
17945
17785
10540
12613
11447
6676
15844
8390
13713
22087
5672
16146
27814
23091
25994
8675
8861
12912
26020
28170
12577
17442
23159
25768
29347
23979
27385
5941
15201
13423
7517
12721
13997
19731
10018
15160
12806
15056
8779
15636
5067
15199
8081
24553
11618
8630
8364
5251
12681
6551
27718
6035
9109
13723
13553
19974
28191
23392
17814
5132
10671
9853
28213
29742
26049
6735
27194
22097
10115
13168
15312
23859
11347
5265
26512
23528
27257
10672
29759
26886
18643
8932
28947
13908
14736
11249
28152
5393
11035
25255
21004
10024
10950
24915
18945
7117
29217
8017
20687
28232
9373
6925
5180
27513
15229
18913
11458
19161
17439
29502
22052
17644
24334
21333
20764
21588
12972
19412
23673
15343
25010
22858
29281
21387
9251
6642
14426
10859
21773
22804
20194
11747
27094
5948
5479
23190
26859
14434
11749
27500
13077
21900
6136
17895
15756
15690
21763
27928
23546
9081
10880
11564
29508
15634
11219
8921
28704
11681
16870
22779
29068
29252
13679
13894
18081
22896
20119
27438
10675
25436
20177
21610
28855
21759
20744
18597
16909
21462
26566
15585
16970
16750
27639
10120
19899
6951
25250
26564
17662
10213
10726
24380
14024
16415
19882
13756
8347
18116
14636
20674
15675
24502
15557
8845
26672
19761
10710
22135
12921
7551
29992
11415
18695
19547
19294
26944
29061
11457
19985
28252
15520
8318
24491
17196
17168
25773
9065
15711
8230
15990
7898
17388
14295
20762
28859
27401
17771
26113
26935
18553
12981
11456
20930
10021
14485
26559
19940
26068
14308
19790
27378
20053
17521
23604
27101
21068
14155
9212
14644
12556
13747
16722
19087
28037
9642
23215
24323
27773
16160
17834
22359
12386
5523
11536
16293
10013
5166
11858
6646
23013
12908
12299
29155
22957
24716
13194
19606
14332
17345
17424
27493
10908
28707
27376
17749
25113
16307
10949
29371
29634
15841
17087
11897
15786
13867
12852
25985
11347
26096
7767
17624
9146
5031
13313
25610
12572
20957
14799
22755
5616
25344
8607
26072
5082
15747
6521
18269
7662
8315
8528
23782
27979
14471
20500
26915
26509
21224
19895
14977
9395
18528
14087
15319
12429
15939
21878
21768
16866
12330
13020
20245
24876
14903
20522
27941
7941
26132
16195
10852
17094
10822
23701
20121
17617
28245
19342
28244
5297
19151
15995
18058
25500
9055
18835
16771
24376
9095
24595
26326
14085
10863
23058
5273
24440
7153
13752
14983
9215
16242
22736
16279
21836
23739
14295
7045
18312
20972
10622
21603
16144
22055
5735
7263
17118
12111
16209
23520
6880
11491
6292
11119
26634
29812
19553
6260
26377
23581
13271
8588
10219
21408
28413
27936
29888
28143
11294
15692
22369
7570
11835
27549
13885
22614
7572
9802
21707
12535
5800
6969
18667
15985
28257
18232
26454
5797
6783
15033
21078
22093
11780
11721
14798
16445
27593
8243
22945
5790
19860
25087
13432
8619
26605
13859
25148
9033
5262
26636
10897
14083
8550
15844
27362
18033
28739
17176
9063
10941
6307
10510
28178
12783
27967
9106
16230
17789
23592
24522
7124
9987
10431
9523
18567
23484
6380
13670
13620
16463
16325
10745
9261
22108
7460
28463
27798
21053
13680
17034
5281
6544
27236
10687
17043
25600
5389
19857
21702
19397
19823
16834
14325
25278
19590
27083
16571
27368
15318
13789
12016
24272
23482
28772
15743
20877
12019
21121
21770
22959
17396
12477
28560
22941
16242
9255
10595
5588
12508
19806
12793
7189
20957
23765
25411
10106
20884
8635
10925
5331
29794
14105
5538
13638
13946
7978
19764
23601
25521
20583
25606
14005
26066
25547
9894
19734
18241
13720
22340
9586
28423
19264
7622
6002
12344
21977
12571
28131
19944
24100
17592
19670
22122
17816
14921
18400
25938
18498
18614
20899
9068
24758
29264
12051
14193
21250
27671
24502
20580
21433
19714
29944
18401
9198
9656
28980
15455
20640
9742
20065
20467
19262
23172
16276
17624
14497
24273
24681
17164
8726
8199
12797
11339
19009
27966
24362
22517
11100
23072
29196
12655
27192
20205
8733
8240
11798
23301
28634
27741
23525
27505
8196
23580
6085
11028
13627
17369
21150
8539
27471
25886
22212
13638
19431
24997
23046
21284
10883
17890
26306
17958
11527
16843
17430
10599
14972
23093
12858
26721
26840
5036
9479
24156
10285
9513
24768
29292
22740
17730
11936
19444
15947
14821
25234
21123
25498
11744
12616
21980
26620
24169
17435
8711
8784
18332
18861
16044
27696
24672
23885
8884
16132
12715
25334
9285
6574
28729
23893
14656
20002
24440
23711
11908
16159
16256
18672
29069
25705
22460
5052
22136
24283
15964
23274
20926
28815
11623
7852
15802
15303
26063
28067
17943
18820
19839
27036
10773
22624
14967
26684
12042
7409
15771
24197
15660
22255
13585
10341
27124
15954
21293
22506
21935
14106
24600
14454
9473
8543
28240
13196
16813
5491
8570
23921
24576
23779
20749
11044
22731
28195
24576
13912
16511
7349
6451
25744
24146
25962
14874
6992
24016
8861
29054
6369
22789
10127
10614
11785
26537
25242
26361
24883
16844
17550
18281
8716
20083
7726
21469
13663
25938
21850
29645
18163
10187
25057
19471
25029
17809
12773
23496
24202
22015
26869
18002
10083
23217
28531
25057
12594
11020
26315
15059
8864
19637
13327
20809
9703
23225
27663
9510
8621
29626
26095
22376
24613
8475
22157
8369
20271
19171
7169
17891
29048
26601
22223
29463
16213
25646
11565
28854
11540
17970
13135
10762
16968
10828
6622
13275
22036
20648
17586
14345
28301
7814
19022
13551
9356
8487
11739
18853
11546
19808
22344
24186
11720
24424
11761
12991
20671
19641
28563
6444
29480
8654
21090
5943
20213
9157
10326
7334
22375
5819
25957
15365
24577
14131
24233
29725
9303
7030
9892
12187
9579
16691
7678
6705
18402
15656
12068
23641
14017
16172
24686
10907
11431
27649
21098
13280
18492
20829
27896
17957
22912
7707
16397
14611
17484
5055
13081
22402
16997
20765
22217
8807
20231
24314
10455
10207
18305
8901
21466
10059
12787
21611
21823
12631
18711
12265
20827
27401
27075
29271
20448
19377
15866
19237
10201
12222
29758
21793
5074
7597
28412
22632
18496
17788
11396
18641
8799
24346
6699
28170
5052
24583
19380
28799
7647
29603
24347
15370
28100
22945
12159
18286
21007
28247
29981
22068
20982
15021
24530
24759
12925
7832
6536
25828
6922
6909
10279
24587
28523
26370
7954
29881
5814
6626
17923
22755
16588
6406
27761
8158
16094
25849
13856
25638
8526
27998
5762
26455
27748
15887
6861
22779
13804
11855
26700
13803
11481
24359
11940
9693
13736
12622
21027
24989
26334
11531
18155
10583
15213
16801
23892
17874
13679
29280
7568
9272
6339
20688
29299
21932
25623
15679
8362
18373
5919
9046
19336
23587
7153
19298
7742
29794
13287
28878
5325
24033
5660
28904
28579
12547
25376
28839
29807
6185
5008
28994
25271
21564
27966
8397
8961
17281
27767
16011
13506
16937
25778
29842
20884
29642
29771
18771
8277
8609
28465
26269
10847
13756
5792
14917
19757
21635
12119
27692
29452
13032
15822
22417
23282
21802
19847
11459
27454
8970
6783
8431
12583
18810
26541
7870
26894
19634
23924
5195
16920
9761
15909
8031
28495
27520
9035
16980
5423
16547
18427
6302
8697
8812
18673
17936
23335
28362
13836
15941
16904
17883
10889
17167
29598
19605
22421
20191
11862
29035
26373
10108
6595
13696
10293
14194
19582
25342
11210
13349
7934
14032
14896
6964
11601
19997
28687
15274
5325
7423
9603
23523
21728
27218
16775
19676
12614
12625
6873
10874
23645
11461
15654
25912
18213
10772
13861
12726
22907
9046
16177
7888
14140
17878
12559
28419
27222
21402
19562
10617
7264
18263
26173
6767
22556
26279
19508
29055
10713
17262
28001
25629
6570
22298
13259
24084
10430
20883
21082
28019
6950
16285
17146
22943
11754
7732
29403
17151
29588
5368
29700
15645
26857
18675
22770
9779
26552
12098
25417
11140
9057
23413
14783
17055
20743
12318
6111
14682
22996
27405
22948
11201
16149
12776
14311
13068
14973
10976
17305
19107
25018
6714
27363
6334
21391
5403
20228
16721
15430
6427
6654
15161
10803
9023
22541
20911
17442
25572
8825
5227
7027
7990
17908
12451
17097
8709
24329
16159
9539
26108
8859
12860
10297
27479
12384
6909
17475
13374
21162
24937
5129
22666
18748
19534
26698
6251
5645
17355
29039
27253
14807
27911
22582
28462
13769
28823
22026
8810
29323
25618
25060
6697
9928
10395
25310
9959
27537
14928
28994
13924
28609
27412
21640
24534
11291
6770
29900
22299
10836
23975
9986
13386
18397
11436
23860
27067
29141
23416
15409
18772
19742
13081
5750
20500
7036
15726
14710
7409
11180
9346
18146
28875
25694
6661
17209
10016
12580
11558
29195
23876
18951
15208
14365
28366
10256
16431
24924
14554
24063
26952
11374
5153
29208
18491
26388
29922
16571
14607
9229
28161
23043
28500
23400
28651
24684
27102
9821
16287
29506
17557
18859
15584
25767
15475
16151
12999
29315
8800
20242
14914
25304
20896
11951
6716
28183
19321
17504
8080
15570
25866
14671
6270
17791
26239
27776
20001
9387
11374
25770
21900
19354
9803
27235
5747
14819
15332
7648
19981
19663
7712
24625
11437
28163
27834
13286
20059
5157
14881
8961
7535
23283
8590
17441
21020
6143
16274
13323
11849
19016
16548
16511
12104
27712
25553
24499
11710
14430
29061
9522
16646
19338
28608
6516
10226
28706
12841
10071
28379
28906
14871
19363
11242
28241
22663
15840
10747
16543
20447
13993
14713
14638
6817
25842
6409
25258
16530
9213
28157
28102
18174
28252
19463
24677
10468
12371
21562
9080
16578
22440
17503
20224
11752
18679
29988
22185
9020
8954
5936
29167
13831
28203
6184
10949
5828
23474
12756
26448
23323
14448
21622
20217
24455
28844
12338
27791
20046
5561
6799
7946
13111
21320
5750
21289
18960
11287
21006
11080
26721
19953
15588
28118
13230
25029
10268
20665
18812
28408
15096
10439
26299
29427
24004
7761
25692
24125
21457
19680
25069
6566
20584
24326
17254
18614
23975
6976
16641
12931
16945
15228
16285
26942
19832
12151
23671
17762
29175
14686
29116
29230
26000
24601
14306
14554
16041
10503
5686
28814
25763
13241
6009
9516
27453
23202
5087
6539
20432
26433
7120
5150
5533
6009
24476
25266
7881
6651
25168
19542
17310
8958
27757
22817
22471
29390
27806
29579
29832
7059
19682
18493
5591
26612
23059
7975
19343
28487
8915
20739
23383
8218
11725
13743
26641
15777
9015
27665
29759
7584
29183
21566
6263
18823
29257
6311
29914
17040
25352
13925
20307
7343
27335
29824
23084
13617
18425
10590
16384
13163
27763
6355
9685
8933
8460
20469
23074
29177
8581
20615
29040
12570
24032
12581
18452
29967
23569
15577
19221
21610
11368
14332
5377
12560
6807
13663
11529
9426
29737
15432
16578
13284
18846
9892
19512
9461
17766
7585
8907
16839
21871
27048
18726
9228
27175
13990
12211
19109
6670
11075
20373
8667
10508
14809
23834
21666
11195
23910
8541
12123
26356
22320
19508
6567
17105
15831
28863
9411
13054
23628
15313
15747
12824
15034
19393
18690
25707
19584
16173
16781
12903
22081
10111
6818
11389
26201
11125
13459
9308
11534
9653
25462
10597
9250
6350
17507
5369
14893
20145
29378
18188
15014
7069
18453
28220
12482
12430
27573
26952
25119
10518
13805
27997
20494
25500
20480
23262
7221
14523
28475
26999
10773
27833
27669
20309
28110
22377
6687
29551
17821
6344
12893
14267
25771
21509
24963
7638
26599
23551
26340
24715
11584
5954
13844
18043
28578
8137
10632
7607
16491
12559
27324
27618
15650
15672
21471
27896
24171
8058
19236
19238
7150
19244
22356
22083
5221
18864
27414
29370
22469
12629
10460
11020
19891
8618
26238
10055
23501
13171
28618
29683
12386
13933
26155
16162
10639
12012
14628
28887
8655
12657
28028
12820
23510
15218
11379
24187
21942
28247
9013
6810
23528
7257
17914
21740
29141
9506
6399
21832
16749
23697
23297
15385
26060
21183
24003
26482
16828
12710
15606
8176
16171
16532
12418
6741
11030
26014
20959
16375
5180
6749
22835
11699
14378
9369
10162
23877
20206
10236
20301
9013
9612
5840
28196
29722
29829
13613
10719
8066
27650
8662
20521
16160
5462
17165
19191
17126
6612
14749
29851
17160
25816
8025
29615
23800
26892
29134
18582
6431
20428
23782
28504
20812
23266
21650
9307
22643
10733
19485
19341
11487
18806
6398
13961
14274
26993
18615
5104
27379
25748
6422
12798
28592
16819
23776
20340
21929
9504
21449
15965
28888
7496
14513
19537
7448
5803
10678
22247
11200
27228
8653
26083
21385
14695
9265
27912
7103
18138
5246
12790
8058
27840
20503
9230
28197
5657
6738
18555
18008
17246
11551
6981
13457
20485
29151
17249
22100
23940
25855
8186
11230
24259
14644
24773
14774
14172
11710
23704
7878
22221
28052
15046
8982
11955
16477
27364
19788
9939
29379
25967
15237
13568
23289
5746
27458
9230
22573
16142
12431
29048
10537
24945
28357
21548
5435
27499
9425
28237
6734
22122
23642
29408
21529
10876
19872
10488
22178
9126
6255
14001
25978
8475
16778
26122
9452
15348
7814
5990
13831
5367
25828
24016
13395
13272
9133
5374
13287
12973
24816
7382
17848
17415
9265
28033
23037
26082
23474
29753
14238
6574
14914
7260
29505
20012
26710
10658
7819
7075
25844
26775
21069
15863
10095
29402
6231
12835
27460
16082
23878
19884
21956
27334
13095
7751
27172
15558
21110
25847
19145
25278
14525
24301
25668
28055
6861
15884
22039
22919
13601
17406
19227
5316
16720
10624
11626
13788
12739
23084
14047
10045
17568
14811
10119
14973
28237
16125
8371
7495
15190
7157
10112
15473
26468
6607
18983
26998
10352
12779
10140
24336
18211
26996
24750
12131
25171
15146
24124
11600
21701
23456
10490
11608
8642
12594
26798
18798
13210
28804
13981
7331
6635
25628
17909
16932
25942
7372
9781
15977
10192
5733
25821
5994
22308
8137
10894
12496
5304
12452
22645
25391
6244
27249
11649
21159
10988
7131
26660
13290
28518
16068
21738
20300
11222
5761
28806
18059
29310
14771
9294
18062
21037
29463
21461
10336
8043
29487
9393
14114
20686
15017
26437
8541
9770
29939
27818
14751
11190
11173
25553
19996
26467
10585
22107
14689
19054
7333
5697
17903
24084
14860
11812
22450
29528
19653
13852
11599
17895
14202
11529
19904
17943
25558
7685
22648
22542
20076
5348
9739
12293
17299
21889
9598
13921
18521
24103
18813
14074
27379
29415
19440
16720
19733
10744
5324
27747
20267
18989
5435
10422
13290
26710
20902
13868
29584
29541
27002
21679
21560
19404
24164
14023
24313
26605
8635
14955
23473
26616
28220
26431
13405
11943
27344
23606
26888
23238
12271
7210
9493
28456
13445
18123
10575
15839
17483
11373
11151
5816
19611
8665
8774
16407
27158
11565
12547
26899
9871
14037
5279
26416
22602
11372
18053
26286
17184
26633
8674
11365
18119
13928
10879
6835
17756
27165
17206
9320
27389
11495
24741
21517
12943
22628
16445
23443
19046
20838
26615
17934
14061
16357
17552
29864
11508
19716
24603
16731
9722
9146
25908
22047
15581
10086
13480
17442
13315
25881
9834
18647
27112
21331
6087
12239
5214
21829
22596
28513
21972
19768
14047
22219
8960
13813
8246
6331
24488
12687
21766
26481
14130
21848
27058
5546
17390
16583
14313
8793
18170
11416
25162
11899
29313
26536
9947
18547
16276
5650
18036
21865
13629
14853
22951
16406
28673
16005
20712
22614
25901
10044
17313
15844
14575
8001
17019
21007
10336
24126
23045
7466
18284
8688
19355
20639
10851
27118
26396
13775
22122
9974
26192
16321
14013
22962
17269
22142
20894
26117
26145
21878
8340
11077
24796
9523
15610
11240
28482
20090
23658
29063
20765
12602
9290
19828
26479
25116
7556
6085
16636
7458
9551
7717
27495
29498
28548
28233
12577
12630
6721
6436
17442
14196
27787
9782
11192
22654
18556
25152
8938
12496
11424
12454
19629
22384
12692
28440
21108
5508
14355
28917
21552
18416
29444
5471
7944
10357
16665
13647
28885
23418
26792
9482
16207
12590
7284
11721
14311
6795
10795
9529
16102
17001
10935
6335
21138
14727
11360
21321
10002
13001
26569
10252
14498
28659
24546
11285
7720
11340
18848
15833
19479
7657
11851
26835
17094
14255
11599
15215
7563
11023
13366
7008
27619
6005
13972
16571
28051
27284
14462
10791
17199
15672
13112
12893
15060
22687
9273
6228
9249
5118
23013
25590
8105
5547
29901
17736
23155
8493
16762
16053
16352
18660
21223
5565
7413
16524
11768
6031
12813
28308
27025
27109
24081
12036
13660
17587
28001
29985
11790
12709
17129
10980
24594
17955
22881
26274
12837
26241
11870
9487
19261
13668
12480
6292
27546
29630
29415
21657
13974
22220
15034
19656
24158
7161
6405
21077
28750
22881
9443
10369
7374
25617
18557
17407
26918
23321
14922
29313
15418
14308
16491
13506
8684
10965
5618
13356
27648
13299
5239
12543
25162
22333
7459
19438
8150
25844
9661
21724
24288
26425
27278
16538
13827
5153
6521
18964
22778
9838
24614
15595
6698
21906
7449
18725
19526
12652
15500
27008
22724
28645
21121
15522
22233
12760
22452
27477
9502
10256
12867
27876
10705
9255
12806
27671
27283
23277
27711
23542
17243
10648
29231
29248
28469
12514
7176
14432
29852
14034
8641
19571
27495
23902
12064
16618
9578
24592
25579
14236
7936
28652
29150
19178
20285
6144
10337
5043
7946
24264
13009
20641
22421
27363
16353
16532
23915
15989
27647
9305
7595
16512
13283
16348
17830
5609
7960
18153
28441
28973
26856
6081
27769
11723
16247
27786
17077
9716
13538
24363
26554
17039
11261
20155
27401
20486
9795
29319
24916
22560
12697
8217
14760
9498
28458
19010
14543
7378
20210
29259
19888
24632
22546
20258
8223
6881
26338
21111
21731
7661
20683
9882
25494
15049
10617
22022
13229
15164
29730
16888
10765
20828
17512
5843
14005
12051
11898
28534
16473
24211
8633
12250
21366
8309
20115
6539
25873
20812
12403
22460
5246
7716
8780
26414
26539
29060
5147
7710
29172
